MEME version 4

ALPHABET= ACGT

strands: + -

Background letter frequencies (from
A 0.29182 C 0.20818 G 0.20818 T 0.29182

MOTIF ANDR_do
letter-probability matrix: alength= 4 w= 16 nsites= 130 E= 0
 0.310296  0.036101  0.560717  0.092886
 0.056212  0.034048  0.909740  0.000000
 0.420177  0.000000  0.232710  0.347112
 0.760226  0.005684  0.094107  0.139982
 0.015790  0.950736  0.027159  0.006316
 0.726294  0.036001  0.107771  0.129934
 0.090002  0.272642  0.385698  0.251658
 0.319496  0.193036  0.329486  0.157982
 0.395803  0.093360  0.310538  0.200299
 0.172999  0.253063  0.051733  0.522206
 0.018000  0.045475  0.925156  0.011369
 0.102260  0.014527  0.095886  0.787327
 0.244710  0.017053  0.289180  0.449057
 0.134355  0.800906  0.019264  0.045475
 0.083944  0.273074  0.056785  0.586196
 0.244021  0.119255  0.191515  0.445209

