MEME version 4

ALPHABET= ACGT

strands: + -

Background letter frequencies (from
A 0.29182 C 0.20818 G 0.20818 T 0.29182

MOTIF AP2D_f1
letter-probability matrix: alength= 4 w= 14 nsites= 5 E= 0
 0.232558  0.488372  0.232558  0.046512
 0.000000  0.000000  1.000000  0.000000
 0.000000  0.627907  0.186047  0.186047
 0.000000  1.000000  0.000000  0.000000
 0.000000  0.604651  0.000000  0.395349
 0.000000  0.000000  1.000000  0.000000
 0.395349  0.232558  0.372093  0.000000
 0.000000  0.000000  1.000000  0.000000
 0.000000  0.000000  1.000000  0.000000
 0.000000  0.813953  0.186047  0.000000
 0.186047  0.232558  0.395349  0.186047
 0.000000  0.813953  0.186047  0.000000
 0.000000  0.186047  0.813953  0.000000
 0.046512  0.232558  0.046512  0.674419

