MEME version 4

ALPHABET= ACGT

strands: + -

Background letter frequencies (from
A 0.29182 C 0.20818 G 0.20818 T 0.29182

MOTIF ARI3A_do
letter-probability matrix: alength= 4 w= 22 nsites= 44 E= 0
 0.390642  0.096310  0.325828  0.187219
 0.681818  0.090909  0.000000  0.227273
 0.112514  0.000000  0.000000  0.887486
 0.157968  0.000000  0.000000  0.842032
 0.954545  0.045455  0.000000  0.000000
 0.932941  0.067059  0.000000  0.000000
 0.476150  0.000000  0.023850  0.500000
 0.000000  0.409091  0.227273  0.363636
 0.294332  0.181818  0.432941  0.090909
 0.500000  0.045455  0.363636  0.090909
 0.454545  0.045455  0.157968  0.342032
 0.729518  0.000000  0.090909  0.179573
 0.136364  0.045455  0.090909  0.727273
 0.160213  0.569304  0.045455  0.225028
 0.727273  0.000000  0.000000  0.272727
 0.751122  0.045455  0.000000  0.203423
 0.954545  0.000000  0.000000  0.045455
 0.409091  0.000000  0.045455  0.545455
 0.114759  0.136364  0.090909  0.657968
 0.521605  0.136364  0.023850  0.318182
 0.612514  0.069304  0.000000  0.318182
 0.665615  0.005401  0.074706  0.254279

