MEME version 4

ALPHABET= ACGT

strands: + -

Background letter frequencies (from
A 0.29182 C 0.20818 G 0.20818 T 0.29182

MOTIF ARNT2_si
letter-probability matrix: alength= 4 w= 12 nsites= 18 E= 0
 0.193252  0.082822  0.585890  0.138037
 0.165644  0.282209  0.331288  0.220859
 0.000000  0.662577  0.220859  0.116564
 0.000000  0.055215  0.944785  0.000000
 0.000000  0.000000  0.055215  0.944785
 0.000000  0.055215  0.944785  0.000000
 0.055215  0.000000  0.883436  0.061350
 0.165644  0.331288  0.392638  0.110429
 0.558282  0.000000  0.276074  0.165644
 0.000000  0.331288  0.558282  0.110429
 0.392638  0.000000  0.496933  0.110429
 0.138037  0.585890  0.193252  0.082822

