MEME version 4

ALPHABET= ACGT

strands: + -

Background letter frequencies (from
A 0.29182 C 0.20818 G 0.20818 T 0.29182

MOTIF ATF5_si
letter-probability matrix: alength= 4 w= 12 nsites= 33 E= 0
 0.243443  0.059836  0.095902  0.600820
 0.885246  0.026230  0.029508  0.059016
 0.914754  0.000000  0.000000  0.085246
 0.000000  0.000000  0.940984  0.059016
 0.029508  0.000000  0.970492  0.000000
 0.504918  0.026230  0.383607  0.085246
 0.852459  0.029508  0.029508  0.088525
 0.026230  0.026230  0.947541  0.000000
 1.000000  0.000000  0.000000  0.000000
 0.436066  0.118033  0.416393  0.029508
 0.203279  0.029508  0.619672  0.147541
 0.163115  0.133607  0.428689  0.274590

