MEME version 4

ALPHABET= ACGT

strands: + -

Background letter frequencies (from
A 0.29182 C 0.20818 G 0.20818 T 0.29182

MOTIF BACH1_si
letter-probability matrix: alength= 4 w= 14 nsites= 8 E= 0
 0.136986  0.246575  0.000000  0.616438
 0.109589  0.000000  0.890411  0.000000
 0.000000  1.000000  0.000000  0.000000
 0.000000  0.109589  0.000000  0.890411
 0.000000  0.000000  1.000000  0.000000
 0.890411  0.000000  0.000000  0.109589
 0.000000  0.246575  0.753425  0.000000
 0.000000  0.000000  0.000000  1.000000
 0.000000  1.000000  0.000000  0.000000
 1.000000  0.000000  0.000000  0.000000
 0.136986  0.383562  0.000000  0.479452
 0.109589  0.000000  0.753425  0.136986
 0.000000  0.260274  0.630137  0.109589
 0.000000  0.000000  0.000000  1.000000

