MEME version 4

ALPHABET= ACGT

strands: + -

Background letter frequencies (from
A 0.29182 C 0.20818 G 0.20818 T 0.29182

MOTIF BCL6_f1
letter-probability matrix: alength= 4 w= 16 nsites= 33 E= 0
 0.382166  0.143312  0.226115  0.248408
 0.519108  0.057325  0.168790  0.254777
 0.426752  0.079618  0.292994  0.200637
 0.373408  0.064490  0.261943  0.300159
 0.254777  0.057325  0.484076  0.203822
 0.154459  0.558917  0.103503  0.183121
 0.286624  0.085987  0.031847  0.595541
 0.121815  0.035828  0.007166  0.835191
 0.093153  0.035828  0.007166  0.863854
 0.000000  0.942675  0.028662  0.028662
 0.121815  0.265127  0.121815  0.491242
 0.592357  0.000000  0.057325  0.350318
 0.226115  0.114650  0.659236  0.000000
 0.114650  0.000000  0.764331  0.121019
 0.717357  0.035828  0.207803  0.039013
 0.603503  0.042994  0.164013  0.189490

