MEME version 4

ALPHABET= ACGT

strands: + -

Background letter frequencies (from
A 0.29182 C 0.20818 G 0.20818 T 0.29182

MOTIF BHE41_f1
letter-probability matrix: alength= 4 w= 20 nsites= 10 E= 0
 0.384021  0.074742  0.167526  0.373711
 0.000000  0.587629  0.412371  0.000000
 0.298969  0.309278  0.298969  0.092784
 0.402062  0.103093  0.494845  0.000000
 0.103093  0.103093  0.412371  0.381443
 0.000000  0.402062  0.494845  0.103093
 0.000000  0.494845  0.000000  0.505155
 0.000000  1.000000  0.000000  0.000000
 0.711340  0.000000  0.195876  0.092784
 0.206186  0.597938  0.092784  0.103093
 0.000000  0.103093  0.804124  0.092784
 0.000000  0.000000  0.000000  1.000000
 0.000000  0.000000  1.000000  0.000000
 0.309278  0.597938  0.092784  0.000000
 0.412371  0.195876  0.103093  0.288660
 0.000000  0.092784  0.711340  0.195876
 0.494845  0.195876  0.309278  0.000000
 0.402062  0.092784  0.402062  0.103093
 0.309278  0.103093  0.587629  0.000000
 0.231959  0.324742  0.324742  0.118557

