MEME version 4

ALPHABET= ACGT

strands: + -

Background letter frequencies (from
A 0.29182 C 0.20818 G 0.20818 T 0.29182

MOTIF BMAL1_f1
letter-probability matrix: alength= 4 w= 14 nsites= 15 E= 0
 0.157692  0.126923  0.296154  0.419231
 0.038462  0.000000  0.892308  0.069231
 0.315385  0.146154  0.469231  0.069231
 0.607692  0.000000  0.146154  0.246154
 0.000000  0.961538  0.000000  0.038462
 1.000000  0.000000  0.000000  0.000000
 0.000000  1.000000  0.000000  0.000000
 0.000000  0.000000  1.000000  0.000000
 0.000000  0.000000  0.000000  1.000000
 0.000000  0.000000  1.000000  0.000000
 0.746154  0.000000  0.253846  0.000000
 0.076923  0.776923  0.076923  0.069231
 0.138462  0.461538  0.076923  0.323077
 0.076923  0.669231  0.253846  0.000000

