MEME version 4

ALPHABET= ACGT

strands: + -

Background letter frequencies (from
A 0.29182 C 0.20818 G 0.20818 T 0.29182

MOTIF BPTF_si
letter-probability matrix: alength= 4 w= 12 nsites= 21 E= 0
 0.095238  0.095238  0.380952  0.428571
 0.047619  0.000000  0.380952  0.571429
 0.095238  0.047619  0.190476  0.666667
 0.142857  0.238095  0.333333  0.285714
 0.047619  0.000000  0.000000  0.952381
 0.000000  0.000000  0.047619  0.952381
 0.000000  0.000000  0.761905  0.238095
 0.047619  0.142857  0.000000  0.809524
 0.047619  0.000000  0.476190  0.476190
 0.047619  0.095238  0.333333  0.523810
 0.142857  0.142857  0.285714  0.428571
 0.190476  0.428571  0.285714  0.095238

