MEME version 4

ALPHABET= ACGT

strands: + -

Background letter frequencies (from
A 0.29182 C 0.20818 G 0.20818 T 0.29182

MOTIF BRAC_si
letter-probability matrix: alength= 4 w= 25 nsites= 26 E= 0
 0.490385  0.105769  0.336538  0.067308
 0.153846  0.500000  0.307692  0.038462
 0.807692  0.038462  0.038462  0.115385
 0.346154  0.038462  0.038462  0.576923
 0.576923  0.000000  0.000000  0.423077
 0.307692  0.000000  0.653846  0.038462
 0.000000  0.000000  0.000000  1.000000
 0.115385  0.192308  0.692308  0.000000
 1.000000  0.000000  0.000000  0.000000
 0.000000  1.000000  0.000000  0.000000
 1.000000  0.000000  0.000000  0.000000
 0.000000  0.961538  0.000000  0.038462
 0.000000  0.923077  0.038462  0.038462
 0.000000  0.000000  0.000000  1.000000
 1.000000  0.000000  0.000000  0.000000
 0.000000  0.076923  0.923077  0.000000
 0.000000  0.038462  0.961538  0.000000
 0.000000  0.038462  0.000000  0.961538
 0.000000  0.000000  1.000000  0.000000
 0.038462  0.038462  0.000000  0.923077
 0.000000  0.269231  0.653846  0.076923
 0.961538  0.000000  0.000000  0.038462
 0.846154  0.076923  0.038462  0.038462
 0.846154  0.000000  0.115385  0.038462
 0.250000  0.096154  0.096154  0.557692

