MEME version 4

ALPHABET= ACGT

strands: + -

Background letter frequencies (from
A 0.29182 C 0.20818 G 0.20818 T 0.29182

MOTIF CDC5L_si
letter-probability matrix: alength= 4 w= 15 nsites= 10 E= 0
 0.150000  0.150000  0.650000  0.050000
 0.000000  0.200000  0.400000  0.400000
 0.200000  0.000000  0.800000  0.000000
 0.500000  0.100000  0.100000  0.300000
 0.000000  0.100000  0.300000  0.600000
 0.200000  0.000000  0.200000  0.600000
 0.100000  0.000000  0.000000  0.900000
 0.900000  0.000000  0.100000  0.000000
 0.800000  0.000000  0.000000  0.200000
 0.100000  0.600000  0.000000  0.300000
 0.600000  0.000000  0.300000  0.100000
 0.200000  0.100000  0.000000  0.700000
 0.800000  0.100000  0.100000  0.000000
 0.600000  0.000000  0.100000  0.300000
 0.075000  0.275000  0.175000  0.475000

