MEME version 4

ALPHABET= ACGT

strands: + -

Background letter frequencies (from
A 0.29182 C 0.20818 G 0.20818 T 0.29182

MOTIF CEBPG_si
letter-probability matrix: alength= 4 w= 13 nsites= 22 E= 0
 0.600000  0.177143  0.148571  0.074286
 0.000000  0.000000  0.000000  1.000000
 0.000000  0.045714  0.262857  0.691429
 0.201429  0.007143  0.390000  0.401429
 0.125714  0.160000  0.222857  0.491429
 0.000000  0.160000  0.840000  0.000000
 0.120000  0.671429  0.000000  0.208571
 1.000000  0.000000  0.000000  0.000000
 1.000000  0.000000  0.000000  0.000000
 0.000000  0.165714  0.028571  0.805714
 0.122857  0.514286  0.237143  0.125714
 0.092857  0.087143  0.218571  0.601429
 0.097143  0.240000  0.365714  0.297143

