MEME version 4

ALPHABET= ACGT

strands: + -

Background letter frequencies (from
A 0.29182 C 0.20818 G 0.20818 T 0.29182

MOTIF COE1_f2
letter-probability matrix: alength= 4 w= 12 nsites= 1805 E= 0
 0.101105  0.300932  0.319531  0.278432
 0.039285  0.206861  0.071718  0.682136
 0.000854  0.997085  0.001762  0.000298
 0.004368  0.890784  0.007318  0.097530
 0.001140  0.956188  0.000842  0.041830
 0.211084  0.002597  0.049021  0.737298
 0.072025  0.008657  0.691434  0.227884
 0.059224  0.019666  0.920229  0.000881
 0.240002  0.000000  0.733436  0.026562
 0.000274  0.000269  0.999457  0.000000
 0.535354  0.080665  0.244457  0.139523
 0.233501  0.408381  0.258860  0.099258

