MEME version 4

ALPHABET= ACGT

strands: + -

Background letter frequencies (from
A 0.29182 C 0.20818 G 0.20818 T 0.29182

MOTIF COT1_f1
letter-probability matrix: alength= 4 w= 12 nsites= 82 E= 0
 0.085178  0.117375  0.712779  0.084667
 0.092844  0.075469  0.489774  0.341914
 0.111409  0.229472  0.246681  0.412438
 0.102210  0.699836  0.062348  0.135606
 0.758951  0.075635  0.045994  0.119419
 0.609381  0.052127  0.255702  0.082790
 0.725045  0.000000  0.264734  0.010221
 0.017376  0.000000  0.982624  0.000000
 0.019420  0.044972  0.651954  0.283654
 0.038840  0.078535  0.028619  0.854007
 0.009199  0.866783  0.066947  0.057071
 0.815589  0.100088  0.045228  0.039095

