MEME version 4

ALPHABET= ACGT

strands: + -

Background letter frequencies (from
A 0.29182 C 0.20818 G 0.20818 T 0.29182

MOTIF COT2_f2
letter-probability matrix: alength= 4 w= 15 nsites= 79 E= 0
 0.405572  0.213821  0.292692  0.087916
 0.555716  0.011577  0.264834  0.167873
 0.091172  0.027496  0.793054  0.088278
 0.063676  0.013025  0.709841  0.213459
 0.094067  0.124457  0.208394  0.573082
 0.000000  0.914616  0.057887  0.027496
 0.908828  0.052098  0.000000  0.039074
 0.544139  0.094067  0.260492  0.101302
 0.547757  0.039074  0.278582  0.134588
 0.182344  0.000000  0.751085  0.066570
 0.146165  0.068017  0.655572  0.130246
 0.091534  0.111071  0.211650  0.585745
 0.065123  0.616498  0.118669  0.199711
 0.580318  0.133140  0.199711  0.086831
 0.424023  0.237337  0.188133  0.150507

