MEME version 4

ALPHABET= ACGT

strands: + -

Background letter frequencies (from
A 0.29182 C 0.20818 G 0.20818 T 0.29182

MOTIF CTCF_f2
letter-probability matrix: alength= 4 w= 19 nsites= 2861 E= 0
 0.098052  0.311079  0.146933  0.443936
 0.162331  0.162329  0.443265  0.232074
 0.240415  0.080750  0.534475  0.144360
 0.059660  0.850641  0.040247  0.049452
 0.008224  0.960677  0.012087  0.019013
 0.672368  0.032413  0.187935  0.107284
 0.040474  0.586412  0.358120  0.014995
 0.123993  0.455661  0.134610  0.285736
 0.834338  0.061892  0.050030  0.053740
 0.002839  0.003870  0.979328  0.013964
 0.337985  0.005753  0.652250  0.004013
 0.055177  0.037635  0.568115  0.339073
 0.013522  0.000208  0.974372  0.011898
 0.041300  0.021943  0.877859  0.058898
 0.103615  0.823833  0.014343  0.058209
 0.450847  0.014510  0.515615  0.019028
 0.062362  0.505316  0.394932  0.037391
 0.139532  0.350322  0.108914  0.401231
 0.395647  0.242246  0.310731  0.051376

