MEME version 4

ALPHABET= ACGT

strands: + -

Background letter frequencies (from
A 0.29182 C 0.20818 G 0.20818 T 0.29182

MOTIF DDIT3_f1
letter-probability matrix: alength= 4 w= 13 nsites= 41 E= 0
 0.214265  0.087579  0.665890  0.032266
 0.208895  0.172020  0.619084  0.000000
 0.195019  0.165939  0.565292  0.073751
 0.055313  0.073751  0.612810  0.258127
 0.839479  0.000000  0.110626  0.049895
 0.000000  0.018438  0.018438  0.963125
 0.000000  0.000000  0.000000  1.000000
 0.018438  0.000000  0.907812  0.073751
 0.000000  0.870273  0.129727  0.000000
 0.901730  0.000000  0.098270  0.000000
 0.135145  0.276564  0.195019  0.393272
 0.129063  0.239689  0.218874  0.412373
 0.110626  0.311063  0.258790  0.319521

