MEME version 4

ALPHABET= ACGT

strands: + -

Background letter frequencies (from
A 0.29182 C 0.20818 G 0.20818 T 0.29182

MOTIF E2F1_f2
letter-probability matrix: alength= 4 w= 14 nsites= 2135 E= 0
 0.378830  0.160578  0.235875  0.224717
 0.343078  0.098585  0.328736  0.229602
 0.304672  0.163690  0.211888  0.319751
 0.248180  0.072753  0.257336  0.421731
 0.093216  0.067327  0.829162  0.010296
 0.009237  0.053307  0.930301  0.007155
 0.068570  0.902851  0.015552  0.013028
 0.051364  0.009253  0.889319  0.050064
 0.048445  0.370216  0.566904  0.014436
 0.069689  0.141783  0.774131  0.014397
 0.780642  0.070289  0.135234  0.013835
 0.712906  0.038791  0.215228  0.033075
 0.601780  0.085795  0.262830  0.049595
 0.318201  0.221888  0.316623  0.143288

