MEME version 4

ALPHABET= ACGT

strands: + -

Background letter frequencies (from
A 0.29182 C 0.20818 G 0.20818 T 0.29182

MOTIF E2F4_do
letter-probability matrix: alength= 4 w= 14 nsites= 2075 E= 0
 0.334403  0.182647  0.211058  0.271892
 0.311999  0.140424  0.242851  0.304726
 0.286563  0.094436  0.208116  0.410885
 0.170880  0.070537  0.289229  0.469354
 0.050635  0.188056  0.752261  0.009048
 0.038269  0.013624  0.934086  0.014021
 0.040172  0.926549  0.005045  0.028234
 0.013469  0.010547  0.912329  0.063656
 0.007750  0.338648  0.648882  0.004720
 0.023682  0.077373  0.886387  0.012557
 0.916132  0.024952  0.044194  0.014722
 0.836112  0.010291  0.142295  0.011302
 0.633716  0.068138  0.181627  0.116518
 0.310278  0.196455  0.261771  0.231496

