MEME version 4

ALPHABET= ACGT

strands: + -

Background letter frequencies (from
A 0.29182 C 0.20818 G 0.20818 T 0.29182

MOTIF E2F6_f1
letter-probability matrix: alength= 4 w= 12 nsites= 1864 E= 0
 0.221259  0.168228  0.296425  0.314089
 0.201790  0.064249  0.460562  0.273399
 0.147722  0.118017  0.719488  0.014774
 0.025414  0.028243  0.940110  0.006233
 0.115871  0.857663  0.002233  0.024233
 0.057878  0.028936  0.889192  0.023994
 0.008582  0.064875  0.918483  0.008059
 0.010282  0.009683  0.969688  0.010347
 0.808149  0.003151  0.186700  0.001999
 0.582812  0.052133  0.358988  0.006067
 0.259760  0.170811  0.519152  0.050277
 0.186310  0.222715  0.483293  0.107682

