MEME version 4

ALPHABET= ACGT

strands: + -

Background letter frequencies (from
A 0.29182 C 0.20818 G 0.20818 T 0.29182

MOTIF E2F7_f1
letter-probability matrix: alength= 4 w= 13 nsites= 5 E= 0
 0.450000  0.050000  0.050000  0.450000
 0.600000  0.000000  0.000000  0.400000
 0.400000  0.000000  0.400000  0.200000
 0.200000  0.000000  0.800000  0.000000
 0.000000  0.000000  1.000000  0.000000
 0.000000  1.000000  0.000000  0.000000
 0.000000  0.000000  1.000000  0.000000
 0.000000  0.800000  0.200000  0.000000
 0.000000  0.000000  1.000000  0.000000
 1.000000  0.000000  0.000000  0.000000
 1.000000  0.000000  0.000000  0.000000
 1.000000  0.000000  0.000000  0.000000
 0.350000  0.350000  0.150000  0.150000

