MEME version 4

ALPHABET= ACGT

strands: + -

Background letter frequencies (from
A 0.29182 C 0.20818 G 0.20818 T 0.29182

MOTIF EHF_si
letter-probability matrix: alength= 4 w= 13 nsites= 400 E= 0
 0.400823  0.273791  0.157927  0.167459
 0.533459  0.092641  0.040376  0.333523
 0.769239  0.000000  0.213614  0.017147
 0.176581  0.582306  0.231472  0.009641
 0.273934  0.726066  0.000000  0.000000
 0.422342  0.577658  0.000000  0.000000
 0.000000  0.000000  1.000000  0.000000
 0.000000  0.000000  0.939930  0.060070
 1.000000  0.000000  0.000000  0.000000
 1.000000  0.000000  0.000000  0.000000
 0.326790  0.008609  0.652549  0.012052
 0.007713  0.016322  0.153544  0.822421
 0.587872  0.057491  0.265308  0.089329

