MEME version 4

ALPHABET= ACGT

strands: + -

Background letter frequencies (from
A 0.29182 C 0.20818 G 0.20818 T 0.29182

MOTIF ELF2_f1
letter-probability matrix: alength= 4 w= 15 nsites= 9 E= 0
 0.027778  0.250000  0.138889  0.583333
 0.444444  0.000000  0.333333  0.222222
 0.222222  0.222222  0.333333  0.222222
 0.000000  0.777778  0.222222  0.000000
 0.777778  0.111111  0.111111  0.000000
 0.000000  0.000000  1.000000  0.000000
 0.000000  0.000000  1.000000  0.000000
 1.000000  0.000000  0.000000  0.000000
 1.000000  0.000000  0.000000  0.000000
 0.111111  0.000000  0.888889  0.000000
 0.000000  0.222222  0.222222  0.555556
 0.444444  0.000000  0.555556  0.000000
 0.444444  0.111111  0.333333  0.111111
 0.222222  0.333333  0.333333  0.111111
 0.111111  0.111111  0.222222  0.555556

