MEME version 4

ALPHABET= ACGT

strands: + -

Background letter frequencies (from
A 0.29182 C 0.20818 G 0.20818 T 0.29182

MOTIF ELF3_f1
letter-probability matrix: alength= 4 w= 14 nsites= 14 E= 0
 0.142857  0.134921  0.523810  0.198413
 0.142857  0.063492  0.722222  0.071429
 0.142857  0.476190  0.380952  0.000000
 0.523810  0.134921  0.142857  0.198413
 0.587302  0.134921  0.000000  0.277778
 0.515873  0.206349  0.071429  0.206349
 0.134921  0.865079  0.000000  0.000000
 0.936508  0.000000  0.063492  0.000000
 0.000000  0.000000  1.000000  0.000000
 0.000000  0.000000  1.000000  0.000000
 1.000000  0.000000  0.000000  0.000000
 0.857143  0.000000  0.000000  0.142857
 0.515873  0.142857  0.341270  0.000000
 0.000000  0.444444  0.000000  0.555556

