MEME version 4

ALPHABET= ACGT

strands: + -

Background letter frequencies (from
A 0.29182 C 0.20818 G 0.20818 T 0.29182

MOTIF ELK3_f1
letter-probability matrix: alength= 4 w= 12 nsites= 7 E= 0
 0.320755  0.396226  0.226415  0.056604
 0.358491  0.452830  0.094340  0.094340
 0.094340  0.905660  0.000000  0.000000
 0.415094  0.339623  0.000000  0.245283
 0.000000  0.000000  1.000000  0.000000
 0.000000  0.000000  1.000000  0.000000
 1.000000  0.000000  0.000000  0.000000
 0.716981  0.094340  0.000000  0.188679
 0.396226  0.000000  0.603774  0.000000
 0.000000  0.169811  0.000000  0.830189
 0.000000  0.452830  0.547170  0.000000
 0.023585  0.778302  0.174528  0.023585

