MEME version 4

ALPHABET= ACGT

strands: + -

Background letter frequencies (from
A 0.29182 C 0.20818 G 0.20818 T 0.29182

MOTIF ENOA_si
letter-probability matrix: alength= 4 w= 13 nsites= 1998 E= 0
 0.225578  0.458748  0.255586  0.060088
 0.465916  0.056490  0.335911  0.141684
 0.046482  0.456263  0.421810  0.075446
 0.195837  0.800229  0.003117  0.000817
 0.813432  0.001176  0.174777  0.010616
 0.004252  0.634693  0.014756  0.346299
 0.019738  0.012139  0.960131  0.007992
 0.019824  0.027039  0.003308  0.949829
 0.000761  0.003663  0.788017  0.207559
 0.113140  0.129373  0.406692  0.350796
 0.063235  0.260334  0.507980  0.168451
 0.245309  0.424937  0.090436  0.239318
 0.430044  0.172679  0.240908  0.156370

