MEME version 4

ALPHABET= ACGT

strands: + -

Background letter frequencies (from
A 0.29182 C 0.20818 G 0.20818 T 0.29182

MOTIF EOMES_f1
letter-probability matrix: alength= 4 w= 14 nsites= 77 E= 0
 0.045396  0.893734  0.029554  0.031316
 0.044331  0.019653  0.880699  0.055317
 0.030158  0.007921  0.924690  0.037232
 0.051791  0.027471  0.856576  0.064162
 0.045293  0.023614  0.877598  0.053496
 0.916074  0.027574  0.041332  0.015020
 0.012554  0.023763  0.033647  0.930036
 0.912915  0.026313  0.040297  0.020475
 0.012554  0.959050  0.000000  0.028396
 0.012554  0.007921  0.939921  0.039604
 0.963683  0.012554  0.015842  0.007921
 0.977763  0.000000  0.022237  0.000000
 0.973687  0.007921  0.018392  0.000000
 0.000000  0.012554  0.022237  0.965209

