MEME version 4

ALPHABET= ACGT

strands: + -

Background letter frequencies (from
A 0.29182 C 0.20818 G 0.20818 T 0.29182

MOTIF EPAS1_si
letter-probability matrix: alength= 4 w= 13 nsites= 12 E= 0
 0.000000  0.093164  0.776407  0.130429
 0.130429  0.000000  0.214276  0.655295
 0.177011  0.000000  0.822989  0.000000
 0.302279  0.311595  0.121113  0.265013
 0.358177  0.000000  0.641823  0.000000
 0.000000  0.167695  0.093164  0.739142
 0.576608  0.000000  0.423392  0.000000
 0.000000  0.651139  0.302279  0.046582
 0.000000  0.000000  1.000000  0.000000
 0.130429  0.000000  0.000000  0.869571
 0.000000  0.204960  0.701876  0.093164
 0.046582  0.149062  0.502078  0.302279
 0.000000  0.121113  0.878887  0.000000

