MEME version 4

ALPHABET= ACGT

strands: + -

Background letter frequencies (from
A 0.29182 C 0.20818 G 0.20818 T 0.29182

MOTIF ESR1_do
letter-probability matrix: alength= 4 w= 18 nsites= 525 E= 0
 0.525767  0.101922  0.321785  0.050526
 0.132434  0.027040  0.726593  0.113933
 0.017677  0.014217  0.959296  0.008811
 0.013935  0.037275  0.122617  0.826172
 0.002746  0.915296  0.054952  0.027006
 0.905370  0.027061  0.016022  0.051547
 0.073137  0.401312  0.394587  0.130965
 0.199811  0.260859  0.397844  0.141485
 0.144598  0.253980  0.424638  0.176784
 0.082672  0.129174  0.031612  0.756543
 0.077667  0.115636  0.784976  0.021720
 0.522532  0.245159  0.130265  0.102044
 0.037557  0.813410  0.064014  0.085020
 0.033294  0.861539  0.034962  0.070206
 0.126215  0.247906  0.023422  0.602457
 0.110810  0.216472  0.454049  0.218668
 0.289328  0.165893  0.396337  0.148442
 0.173627  0.325060  0.363145  0.138168

