MEME version 4

ALPHABET= ACGT

strands: + -

Background letter frequencies (from
A 0.29182 C 0.20818 G 0.20818 T 0.29182

MOTIF ESR2_do
letter-probability matrix: alength= 4 w= 15 nsites= 349 E= 0
 0.473437  0.017719  0.498940  0.009904
 0.054356  0.000000  0.830098  0.115547
 0.017585  0.043254  0.939161  0.000000
 0.019539  0.076476  0.102850  0.801135
 0.001954  0.998046  0.000000  0.000000
 0.948219  0.005862  0.000000  0.045919
 0.110576  0.388672  0.328627  0.172125
 0.201709  0.163426  0.395942  0.238922
 0.142107  0.177814  0.440632  0.239447
 0.071588  0.114401  0.044939  0.769073
 0.146366  0.092197  0.740296  0.021140
 0.520118  0.204450  0.142300  0.133131
 0.091748  0.706812  0.035086  0.166354
 0.095739  0.764274  0.015279  0.124708
 0.098725  0.212228  0.083543  0.605505

