MEME version 4

ALPHABET= ACGT

strands: + -

Background letter frequencies (from
A 0.29182 C 0.20818 G 0.20818 T 0.29182

MOTIF ETV5_f1
letter-probability matrix: alength= 4 w= 13 nsites= 15 E= 0
 0.167323  0.230315  0.553150  0.049213
 0.440945  0.283465  0.000000  0.275591
 0.110236  0.629921  0.259843  0.000000
 0.645669  0.275591  0.000000  0.078740
 0.102362  0.000000  0.897638  0.000000
 0.000000  0.078740  0.921260  0.000000
 0.881890  0.118110  0.000000  0.000000
 0.598425  0.118110  0.141732  0.141732
 0.078740  0.181102  0.700787  0.039370
 0.283465  0.110236  0.157480  0.448819
 0.590551  0.118110  0.000000  0.291339
 0.692913  0.141732  0.062992  0.102362
 0.009843  0.490157  0.080709  0.419291

