MEME version 4

ALPHABET= ACGT

strands: + -

Background letter frequencies (from
A 0.29182 C 0.20818 G 0.20818 T 0.29182

MOTIF ETV7_si
letter-probability matrix: alength= 4 w= 17 nsites= 8 E= 0
 0.140948  0.028190  0.431754  0.399109
 0.000000  0.629081  0.258161  0.112758
 0.338275  0.436209  0.112758  0.112758
 0.370919  0.225517  0.112758  0.290806
 0.145403  0.854597  0.000000  0.000000
 0.887242  0.112758  0.000000  0.000000
 0.000000  0.000000  1.000000  0.000000
 0.000000  0.000000  1.000000  0.000000
 1.000000  0.000000  0.000000  0.000000
 0.854597  0.145403  0.000000  0.000000
 0.000000  0.000000  1.000000  0.000000
 0.000000  0.000000  0.000000  1.000000
 0.451033  0.145403  0.403564  0.000000
 0.661725  0.000000  0.225517  0.112758
 0.112758  0.661725  0.112758  0.112758
 0.370919  0.000000  0.290806  0.338275
 0.140948  0.431754  0.140948  0.286351

