MEME version 4

ALPHABET= ACGT

strands: + -

Background letter frequencies (from
A 0.29182 C 0.20818 G 0.20818 T 0.29182

MOTIF FLI1_f1
letter-probability matrix: alength= 4 w= 17 nsites= 25 E= 0
 0.127962  0.175355  0.374408  0.322275
 0.270142  0.360190  0.293839  0.075829
 0.194313  0.412322  0.236967  0.156398
 0.473934  0.161137  0.236967  0.127962
 0.165877  0.478673  0.279621  0.075829
 0.445498  0.440758  0.113744  0.000000
 0.037915  0.000000  0.962085  0.000000
 0.000000  0.037915  0.924171  0.037915
 0.962085  0.000000  0.037915  0.000000
 0.625592  0.000000  0.080569  0.293839
 0.000000  0.047393  0.914692  0.037915
 0.085308  0.184834  0.161137  0.568720
 0.236967  0.317536  0.402844  0.042654
 0.407583  0.274882  0.208531  0.109005
 0.047393  0.327014  0.478673  0.146919
 0.194313  0.061611  0.417062  0.327014
 0.338863  0.300948  0.106635  0.253555

