MEME version 4

ALPHABET= ACGT

strands: + -

Background letter frequencies (from
A 0.29182 C 0.20818 G 0.20818 T 0.29182

MOTIF FOS_si
letter-probability matrix: alength= 4 w= 12 nsites= 1956 E= 0
 0.146193  0.316774  0.154877  0.382155
 0.145460  0.172495  0.263384  0.418661
 0.146698  0.509225  0.226848  0.117229
 0.001237  0.118704  0.006271  0.873788
 0.011776  0.191262  0.744230  0.052732
 0.953788  0.013810  0.006643  0.025760
 0.000000  0.351949  0.005425  0.642626
 0.023607  0.000000  0.021774  0.954619
 0.039230  0.320628  0.632019  0.008124
 0.357768  0.037331  0.575197  0.029704
 0.118277  0.360044  0.131212  0.390467
 0.084749  0.403399  0.152111  0.359740

