MEME version 4

ALPHABET= ACGT

strands: + -

Background letter frequencies (from
A 0.29182 C 0.20818 G 0.20818 T 0.29182

MOTIF FOSL1_f2
letter-probability matrix: alength= 4 w= 14 nsites= 47 E= 0
 0.384810  0.169620  0.356962  0.088608
 0.481013  0.268354  0.146835  0.103797
 0.270886  0.362025  0.260759  0.106329
 0.212658  0.265823  0.478481  0.043038
 0.022785  0.000000  0.043038  0.934177
 0.000000  0.022785  0.934177  0.043038
 0.782278  0.040506  0.000000  0.177215
 0.000000  0.473418  0.417722  0.108861
 0.086076  0.000000  0.000000  0.913924
 0.063291  0.830380  0.063291  0.043038
 0.896203  0.020253  0.020253  0.063291
 0.136709  0.040506  0.440506  0.382278
 0.318987  0.455696  0.101266  0.124051
 0.446835  0.267089  0.229114  0.056962

