MEME version 4

ALPHABET= ACGT

strands: + -

Background letter frequencies (from
A 0.29182 C 0.20818 G 0.20818 T 0.29182

MOTIF FOXA3_f1
letter-probability matrix: alength= 4 w= 13 nsites= 23 E= 0
 0.342896  0.255464  0.025956  0.375683
 0.038251  0.043716  0.027322  0.890710
 0.398907  0.000000  0.601093  0.000000
 0.000000  0.000000  0.000000  1.000000
 0.000000  0.000000  0.000000  1.000000
 0.000000  0.000000  0.191257  0.808743
 0.453552  0.000000  0.546448  0.000000
 0.000000  0.625683  0.000000  0.374317
 0.169399  0.224044  0.000000  0.606557
 0.136612  0.229508  0.038251  0.595628
 0.352459  0.000000  0.098361  0.549180
 0.043716  0.344262  0.371585  0.240437
 0.163934  0.382514  0.081967  0.371585

