MEME version 4

ALPHABET= ACGT

strands: + -

Background letter frequencies (from
A 0.29182 C 0.20818 G 0.20818 T 0.29182

MOTIF FOXA2_f1
letter-probability matrix: alength= 4 w= 12 nsites= 884 E= 0
 0.224864  0.213792  0.156330  0.405014
 0.013581  0.001515  0.005824  0.979080
 0.350267  0.011028  0.632848  0.005857
 0.001326  0.005204  0.001326  0.992145
 0.001136  0.002651  0.030338  0.965874
 0.000000  0.000757  0.187066  0.812177
 0.729954  0.005374  0.247128  0.017544
 0.013339  0.801890  0.005583  0.179188
 0.313828  0.118173  0.014717  0.553283
 0.063782  0.309393  0.062843  0.563982
 0.486950  0.020385  0.057394  0.435272
 0.154794  0.110688  0.532935  0.201583

