MEME version 4

ALPHABET= ACGT

strands: + -

Background letter frequencies (from
A 0.29182 C 0.20818 G 0.20818 T 0.29182

MOTIF FOXC2_f1
letter-probability matrix: alength= 4 w= 15 nsites= 5 E= 0
 0.053571  0.053571  0.625000  0.267857
 0.214286  0.214286  0.000000  0.571429
 0.000000  0.214286  0.000000  0.785714
 0.000000  0.000000  0.000000  1.000000
 0.214286  0.000000  0.785714  0.000000
 0.000000  0.000000  0.000000  1.000000
 0.000000  0.000000  0.000000  1.000000
 0.214286  0.000000  0.214286  0.571429
 0.357143  0.000000  0.000000  0.642857
 0.000000  0.357143  0.642857  0.000000
 0.214286  0.428571  0.000000  0.357143
 0.000000  0.642857  0.000000  0.357143
 1.000000  0.000000  0.000000  0.000000
 0.000000  0.142857  0.857143  0.000000
 0.482143  0.053571  0.267857  0.196429

