MEME version 4

ALPHABET= ACGT

strands: + -

Background letter frequencies (from
A 0.29182 C 0.20818 G 0.20818 T 0.29182

MOTIF FOXD1_si
letter-probability matrix: alength= 4 w= 15 nsites= 22 E= 0
 0.119411  0.568284  0.119411  0.192894
 0.378027  0.110225  0.073484  0.438264
 0.354351  0.170643  0.097159  0.377847
 0.036742  0.036742  0.073484  0.853033
 0.036742  0.243946  0.682570  0.036742
 0.036742  0.036742  0.036742  0.889775
 0.000000  0.000000  0.036742  0.963258
 0.000000  0.000000  0.036742  0.963258
 0.926516  0.000000  0.036742  0.036742
 0.000000  0.853033  0.110225  0.036742
 0.304543  0.243946  0.073484  0.378027
 0.207205  0.073484  0.000000  0.719312
 0.451510  0.207205  0.073484  0.267801
 0.425378  0.243946  0.220451  0.110225
 0.262317  0.238822  0.480490  0.018371

