MEME version 4

ALPHABET= ACGT

strands: + -

Background letter frequencies (from
A 0.29182 C 0.20818 G 0.20818 T 0.29182

MOTIF FOXI1_f1
letter-probability matrix: alength= 4 w= 12 nsites= 156 E= 0
 0.152381  0.461905  0.090476  0.295238
 0.133333  0.028571  0.071429  0.766667
 0.033333  0.438095  0.242857  0.285714
 0.000000  0.023810  0.000000  0.976190
 0.000000  0.104762  0.895238  0.000000
 1.000000  0.000000  0.000000  0.000000
 0.000000  0.000000  0.000000  1.000000
 0.000000  0.000000  0.000000  1.000000
 0.000000  0.000000  0.990476  0.009524
 0.000000  0.000000  1.000000  0.000000
 0.042857  0.476190  0.000000  0.480952
 0.000000  0.490476  0.019048  0.490476

