MEME version 4

ALPHABET= ACGT

strands: + -

Background letter frequencies (from
A 0.29182 C 0.20818 G 0.20818 T 0.29182

MOTIF FOXJ3_f2
letter-probability matrix: alength= 4 w= 13 nsites= 613 E= 0
 0.126239  0.100110  0.122332  0.651319
 0.034759  0.000000  0.390488  0.574754
 0.029997  0.000000  0.516140  0.453863
 0.000000  0.000000  0.000000  1.000000
 0.054699  0.000000  0.115324  0.829977
 0.396810  0.000000  0.115334  0.487856
 0.356275  0.077478  0.000000  0.566247
 0.000000  0.000000  0.000000  1.000000
 0.163644  0.000000  0.836356  0.000000
 0.000000  0.000000  0.000000  1.000000
 0.000000  0.000000  0.000000  1.000000
 0.000000  0.000000  0.012677  0.987323
 0.645616  0.104676  0.116935  0.132772

