MEME version 4

ALPHABET= ACGT

strands: + -

Background letter frequencies (from
A 0.29182 C 0.20818 G 0.20818 T 0.29182

MOTIF FOXM1_f1
letter-probability matrix: alength= 4 w= 13 nsites= 13 E= 0
 0.097619  0.259524  0.335714  0.307143
 0.000000  0.152381  0.152381  0.695238
 0.238095  0.000000  0.076190  0.685714
 0.161905  0.085714  0.666667  0.085714
 0.485714  0.000000  0.000000  0.514286
 0.000000  0.152381  0.323810  0.523810
 0.000000  0.085714  0.000000  0.914286
 0.161905  0.085714  0.752381  0.000000
 0.304762  0.076190  0.085714  0.533333
 0.000000  0.000000  0.076190  0.923810
 0.000000  0.085714  0.152381  0.761905
 0.323810  0.161905  0.066667  0.447619
 0.050000  0.440476  0.050000  0.459524

