MEME version 4

ALPHABET= ACGT

strands: + -

Background letter frequencies (from
A 0.29182 C 0.20818 G 0.20818 T 0.29182

MOTIF FOXO3_si
letter-probability matrix: alength= 4 w= 13 nsites= 63 E= 0
 0.154981  0.080529  0.341981  0.422510
 0.328193  0.026196  0.494766  0.150844
 0.026196  0.395497  0.106725  0.471582
 0.079150  0.174845  0.198030  0.547975
 0.043303  0.000000  0.000000  0.956697
 0.180360  0.000000  0.819640  0.000000
 0.000000  0.037226  0.000000  0.962774
 0.000000  0.011030  0.000000  0.988970
 0.008272  0.011030  0.000000  0.980698
 0.557372  0.107287  0.000000  0.335341
 0.046877  0.548283  0.159679  0.245161
 0.359650  0.386100  0.086860  0.167389
 0.195962  0.083976  0.245596  0.474466

