MEME version 4

ALPHABET= ACGT

strands: + -

Background letter frequencies (from
A 0.29182 C 0.20818 G 0.20818 T 0.29182

MOTIF FOXO1_si
letter-probability matrix: alength= 4 w= 16 nsites= 58 E= 0
 0.314761  0.114370  0.321603  0.249267
 0.268817  0.087977  0.347996  0.295210
 0.050831  0.314761  0.246334  0.388074
 0.068426  0.156403  0.050831  0.724340
 0.000000  0.017595  0.000000  0.982405
 0.070381  0.000000  0.929619  0.000000
 0.017595  0.000000  0.000000  0.982405
 0.017595  0.000000  0.000000  0.982405
 0.000000  0.000000  0.068426  0.931574
 0.478983  0.033236  0.068426  0.419355
 0.017595  0.443793  0.287390  0.251222
 0.279570  0.134897  0.184751  0.400782
 0.275660  0.105572  0.089932  0.528837
 0.193548  0.193548  0.193548  0.419355
 0.172043  0.054741  0.220919  0.552297
 0.145650  0.143695  0.149560  0.561095

