MEME version 4

ALPHABET= ACGT

strands: + -

Background letter frequencies (from
A 0.29182 C 0.20818 G 0.20818 T 0.29182

MOTIF FOXQ1_f1
letter-probability matrix: alength= 4 w= 12 nsites= 13 E= 0
 0.307692  0.307692  0.076923  0.307692
 0.692308  0.076923  0.230769  0.000000
 0.076923  0.153846  0.000000  0.769231
 0.000000  0.000000  0.000000  1.000000
 0.000000  0.000000  1.000000  0.000000
 0.000000  0.000000  0.000000  1.000000
 0.000000  0.000000  0.000000  1.000000
 0.000000  0.000000  0.000000  1.000000
 1.000000  0.000000  0.000000  0.000000
 0.000000  0.000000  0.076923  0.923077
 0.153846  0.000000  0.230769  0.615385
 0.000000  0.307692  0.000000  0.692308

