MEME version 4

ALPHABET= ACGT

strands: + -

Background letter frequencies (from
A 0.29182 C 0.20818 G 0.20818 T 0.29182

MOTIF FUBP1_f1
letter-probability matrix: alength= 4 w= 12 nsites= 102 E= 0
 0.002381  0.163228  0.030952  0.803439
 0.000000  0.476190  0.019048  0.504762
 0.000000  0.000000  0.980952  0.019048
 0.000000  0.000000  0.029630  0.970370
 0.285714  0.179894  0.305820  0.228571
 0.124868  0.219048  0.104762  0.551323
 0.076190  0.075132  0.257143  0.591534
 0.019048  0.085714  0.085714  0.809524
 0.057143  0.085714  0.085714  0.771429
 0.066667  0.104762  0.180952  0.647619
 0.104762  0.122751  0.171429  0.601058
 0.100000  0.089418  0.119048  0.691534

