MEME version 4

ALPHABET= ACGT

strands: + -

Background letter frequencies (from
A 0.29182 C 0.20818 G 0.20818 T 0.29182

MOTIF GABPA_f1
letter-probability matrix: alength= 4 w= 13 nsites= 2750 E= 0
 0.223734  0.253484  0.458623  0.064159
 0.362367  0.292801  0.252284  0.092548
 0.402548  0.184801  0.374491  0.038159
 0.052260  0.758714  0.188503  0.000523
 0.131986  0.861642  0.006268  0.000105
 0.000000  0.000000  1.000000  0.000000
 0.000000  0.000000  1.000000  0.000000
 0.999383  0.000617  0.000000  0.000000
 0.991526  0.000418  0.000418  0.007638
 0.073477  0.010473  0.915946  0.000105
 0.062884  0.189503  0.038685  0.708928
 0.144791  0.154261  0.620521  0.080428
 0.277917  0.245491  0.387840  0.088752

