MEME version 4

ALPHABET= ACGT

strands: + -

Background letter frequencies (from
A 0.29182 C 0.20818 G 0.20818 T 0.29182

MOTIF GATA5_f1
letter-probability matrix: alength= 4 w= 17 nsites= 13 E= 0
 0.310345  0.077586  0.086207  0.525862
 0.396552  0.293103  0.232759  0.077586
 0.706897  0.137931  0.077586  0.077586
 0.301724  0.163793  0.318966  0.215517
 0.525862  0.000000  0.163793  0.310345
 0.000000  0.000000  1.000000  0.000000
 1.000000  0.000000  0.000000  0.000000
 0.000000  0.000000  0.000000  1.000000
 0.689655  0.000000  0.000000  0.310345
 0.689655  0.000000  0.146552  0.163793
 0.077586  0.456897  0.224138  0.241379
 0.155172  0.215517  0.155172  0.474138
 0.155172  0.293103  0.146552  0.405172
 0.439655  0.077586  0.310345  0.172414
 0.387931  0.000000  0.534483  0.077586
 0.396552  0.310345  0.077586  0.215517
 0.193966  0.116379  0.271552  0.418103

