MEME version 4

ALPHABET= ACGT

strands: + -

Background letter frequencies (from
A 0.29182 C 0.20818 G 0.20818 T 0.29182

MOTIF GCM1_f1
letter-probability matrix: alength= 4 w= 14 nsites= 12 E= 0
 0.314815  0.351852  0.083333  0.250000
 0.435185  0.083333  0.064815  0.416667
 0.250000  0.342593  0.240741  0.166667
 0.824074  0.175926  0.000000  0.000000
 0.000000  0.000000  0.000000  1.000000
 0.000000  0.000000  1.000000  0.000000
 0.175926  0.657407  0.000000  0.166667
 0.000000  0.092593  0.583333  0.324074
 0.000000  0.000000  1.000000  0.000000
 0.000000  0.000000  1.000000  0.000000
 0.083333  0.333333  0.064815  0.518519
 0.398148  0.259259  0.166667  0.175926
 0.083333  0.324074  0.259259  0.333333
 0.083333  0.185185  0.333333  0.398148

