MEME version 4

ALPHABET= ACGT

strands: + -

Background letter frequencies (from
A 0.29182 C 0.20818 G 0.20818 T 0.29182

MOTIF GCR_do
letter-probability matrix: alength= 4 w= 18 nsites= 4122 E= 0
 0.274027  0.219358  0.438447  0.068169
 0.585408  0.010607  0.398102  0.005883
 0.126475  0.019641  0.841138  0.012745
 0.683244  0.068940  0.199448  0.048367
 0.933410  0.012153  0.026960  0.027477
 0.058447  0.718842  0.201955  0.020756
 0.809936  0.027653  0.089094  0.073317
 0.192020  0.117676  0.386913  0.303391
 0.368770  0.189032  0.194351  0.247847
 0.297012  0.315365  0.298423  0.089201
 0.315190  0.140733  0.088821  0.455256
 0.111888  0.059680  0.744776  0.083655
 0.142785  0.083924  0.232374  0.540917
 0.197338  0.294307  0.220012  0.288342
 0.098984  0.666902  0.135639  0.098474
 0.256455  0.340535  0.123180  0.279830
 0.332770  0.103753  0.333688  0.229788
 0.274240  0.137383  0.412269  0.176109

