MEME version 4

ALPHABET= ACGT

strands: + -

Background letter frequencies (from
A 0.29182 C 0.20818 G 0.20818 T 0.29182

MOTIF HAND1_si
letter-probability matrix: alength= 4 w= 12 nsites= 26 E= 0
 0.173077  0.019231  0.634615  0.173077
 0.038462  0.346154  0.346154  0.269231
 0.384615  0.000000  0.576923  0.038462
 0.000000  0.076923  0.038462  0.884615
 0.000000  0.961538  0.038462  0.000000
 0.000000  0.000000  0.000000  1.000000
 0.000000  0.000000  1.000000  0.000000
 0.000000  0.076923  0.884615  0.038462
 0.346154  0.423077  0.038462  0.192308
 0.500000  0.038462  0.076923  0.384615
 0.192308  0.115385  0.153846  0.538462
 0.163462  0.201923  0.125000  0.509615

