MEME version 4

ALPHABET= ACGT

strands: + -

Background letter frequencies (from
A 0.29182 C 0.20818 G 0.20818 T 0.29182

MOTIF HES1_f1
letter-probability matrix: alength= 4 w= 13 nsites= 28 E= 0
 0.054167  0.158333  0.416667  0.370833
 0.141667  0.104167  0.570833  0.183333
 0.000000  0.170833  0.487500  0.341667
 0.037500  0.883333  0.000000  0.079167
 0.091667  0.116667  0.312500  0.479167
 0.175000  0.720833  0.104167  0.000000
 0.000000  0.125000  0.729167  0.145833
 0.020833  0.000000  0.000000  0.979167
 0.000000  0.000000  1.000000  0.000000
 0.070833  0.237500  0.425000  0.266667
 0.054167  0.700000  0.191667  0.054167
 0.070833  0.033333  0.475000  0.420833
 0.110417  0.218750  0.356250  0.314583

