MEME version 4

ALPHABET= ACGT

strands: + -

Background letter frequencies (from
A 0.29182 C 0.20818 G 0.20818 T 0.29182

MOTIF HESX1_f1
letter-probability matrix: alength= 4 w= 16 nsites= 8 E= 0
 0.439286  0.196429  0.182143  0.182143
 0.000000  0.257143  0.357143  0.385714
 0.000000  0.514286  0.485714  0.000000
 0.128571  0.514286  0.000000  0.357143
 0.000000  0.000000  1.000000  0.000000
 0.142857  0.000000  0.728571  0.128571
 0.128571  0.871429  0.000000  0.000000
 0.485714  0.128571  0.000000  0.385714
 0.400000  0.600000  0.000000  0.000000
 0.271429  0.128571  0.471429  0.128571
 0.000000  0.114286  0.000000  0.885714
 0.385714  0.000000  0.471429  0.142857
 0.371429  0.114286  0.514286  0.000000
 0.271429  0.471429  0.128571  0.128571
 0.371429  0.385714  0.114286  0.128571
 0.032143  0.160714  0.146429  0.660714

