MEME version 4

ALPHABET= ACGT

strands: + -

Background letter frequencies (from
A 0.29182 C 0.20818 G 0.20818 T 0.29182

MOTIF HEY2_f1
letter-probability matrix: alength= 4 w= 17 nsites= 8 E= 0
 0.000000  0.000000  0.878788  0.121212
 0.000000  0.242424  0.500000  0.257576
 0.000000  0.257576  0.378788  0.363636
 0.000000  0.257576  0.621212  0.121212
 0.136364  0.000000  0.863636  0.000000
 0.000000  0.863636  0.000000  0.136364
 0.500000  0.000000  0.121212  0.378788
 0.000000  0.878788  0.121212  0.000000
 0.000000  0.121212  0.878788  0.000000
 0.000000  0.121212  0.000000  0.878788
 0.000000  0.000000  1.000000  0.000000
 0.121212  0.242424  0.636364  0.000000
 0.121212  0.742424  0.136364  0.000000
 0.363636  0.257576  0.121212  0.257576
 0.000000  0.257576  0.121212  0.621212
 0.000000  0.257576  0.363636  0.378788
 0.367424  0.261364  0.246212  0.125000

