MEME version 4

ALPHABET= ACGT

strands: + -

Background letter frequencies (from
A 0.29182 C 0.20818 G 0.20818 T 0.29182

MOTIF HIF1A_si
letter-probability matrix: alength= 4 w= 12 nsites= 499 E= 0
 0.098916  0.302191  0.507289  0.091604
 0.111034  0.355822  0.347544  0.185600
 0.135399  0.364088  0.466417  0.034096
 0.074227  0.198848  0.215400  0.511525
 0.849808  0.001032  0.146066  0.003095
 0.000000  0.998968  0.000000  0.001032
 0.000000  0.002063  0.996905  0.001032
 0.000000  0.000000  0.000000  1.000000
 0.000000  0.000000  1.000000  0.000000
 0.208230  0.590803  0.103768  0.097198
 0.136257  0.263929  0.465696  0.134118
 0.062581  0.308565  0.391271  0.237582

