MEME version 4

ALPHABET= ACGT

strands: + -

Background letter frequencies (from
A 0.29182 C 0.20818 G 0.20818 T 0.29182

MOTIF HLTF_f1
letter-probability matrix: alength= 4 w= 12 nsites= 10 E= 0
 0.150000  0.150000  0.338889  0.361111
 0.677778  0.000000  0.322222  0.000000
 0.300000  0.177778  0.322222  0.200000
 0.000000  0.000000  0.622222  0.377778
 0.100000  0.000000  0.611111  0.288889
 0.288889  0.711111  0.000000  0.000000
 0.200000  0.088889  0.000000  0.711111
 0.000000  0.088889  0.911111  0.000000
 0.000000  0.588889  0.411111  0.000000
 0.611111  0.388889  0.000000  0.000000
 0.900000  0.000000  0.000000  0.100000
 0.538889  0.361111  0.050000  0.050000

