MEME version 4

ALPHABET= ACGT

strands: + -

Background letter frequencies (from
A 0.29182 C 0.20818 G 0.20818 T 0.29182

MOTIF HMGA2_f1
letter-probability matrix: alength= 4 w= 15 nsites= 75 E= 0
 0.950658  0.016447  0.016447  0.016447
 0.723684  0.000000  0.000000  0.276316
 0.157895  0.000000  0.000000  0.842105
 0.592105  0.000000  0.000000  0.407895
 0.526316  0.026316  0.013158  0.434211
 0.171053  0.276316  0.118421  0.434211
 0.000000  0.552632  0.394737  0.052632
 0.026316  0.328947  0.618421  0.026316
 0.000000  0.500000  0.434211  0.065789
 0.026316  0.421053  0.539474  0.013158
 0.947368  0.000000  0.039474  0.013158
 0.789474  0.013158  0.000000  0.197368
 0.026316  0.013158  0.000000  0.960526
 0.789474  0.000000  0.013158  0.197368
 0.019737  0.019737  0.019737  0.940789

