MEME version 4

ALPHABET= ACGT

strands: + -

Background letter frequencies (from
A 0.29182 C 0.20818 G 0.20818 T 0.29182

MOTIF HNF1B_f1
letter-probability matrix: alength= 4 w= 14 nsites= 57 E= 0
 0.292904  0.059627  0.509307  0.138162
 0.162885  0.041302  0.638164  0.157649
 0.013962  0.208260  0.008726  0.769052
 0.000000  0.175684  0.017452  0.806863
 0.927284  0.008726  0.013962  0.050028
 0.796975  0.047121  0.147178  0.008726
 0.138598  0.006545  0.032723  0.822134
 0.412158  0.040140  0.538976  0.008726
 0.491419  0.056283  0.162159  0.290139
 0.151251  0.000000  0.067481  0.781268
 0.049739  0.113439  0.013089  0.823733
 0.567189  0.108204  0.146016  0.178592
 0.794064  0.038395  0.036650  0.130892
 0.114312  0.682080  0.079408  0.124200

