MEME version 4

ALPHABET= ACGT

strands: + -

Background letter frequencies (from
A 0.29182 C 0.20818 G 0.20818 T 0.29182

MOTIF HNF1A_f1
letter-probability matrix: alength= 4 w= 15 nsites= 174 E= 0
 0.346483  0.029844  0.483259  0.140413
 0.094511  0.007428  0.868349  0.029712
 0.006897  0.088675  0.011673  0.892755
 0.092920  0.015386  0.000000  0.891694
 0.975063  0.016978  0.003714  0.004245
 0.748091  0.104662  0.034557  0.112691
 0.090267  0.009020  0.008489  0.892225
 0.401014  0.224375  0.197847  0.176764
 0.559934  0.024937  0.057902  0.357227
 0.063738  0.022814  0.041915  0.871532
 0.064269  0.173245  0.011673  0.750813
 0.555354  0.060024  0.192276  0.192346
 0.498499  0.283088  0.079195  0.139219
 0.188967  0.569414  0.028120  0.213499
 0.357039  0.368712  0.148036  0.126213

