MEME version 4

ALPHABET= ACGT

strands: + -

Background letter frequencies (from
A 0.29182 C 0.20818 G 0.20818 T 0.29182

MOTIF HNF4G_f1
letter-probability matrix: alength= 4 w= 12 nsites= 7 E= 0
 0.034314  0.230392  0.700980  0.034314
 0.000000  0.000000  0.725490  0.274510
 0.156863  0.509804  0.284314  0.049020
 0.000000  1.000000  0.000000  0.000000
 0.735294  0.196078  0.000000  0.068627
 0.647059  0.196078  0.156863  0.000000
 0.931373  0.000000  0.068627  0.000000
 0.000000  0.000000  1.000000  0.000000
 0.000000  0.196078  0.117647  0.686275
 0.196078  0.637255  0.000000  0.166667
 0.000000  1.000000  0.000000  0.000000
 1.000000  0.000000  0.000000  0.000000

