MEME version 4

ALPHABET= ACGT

strands: + -

Background letter frequencies (from
A 0.29182 C 0.20818 G 0.20818 T 0.29182

MOTIF HNF4A_f1
letter-probability matrix: alength= 4 w= 13 nsites= 1861 E= 0
 0.415595  0.067766  0.404844  0.111795
 0.065202  0.028644  0.839521  0.066633
 0.195975  0.060069  0.457859  0.286096
 0.102575  0.366539  0.271365  0.259521
 0.059032  0.844938  0.024689  0.071342
 0.916678  0.019062  0.016697  0.047563
 0.762126  0.024385  0.204291  0.009198
 0.826600  0.002363  0.157820  0.013216
 0.007576  0.012427  0.960606  0.019390
 0.069971  0.024099  0.351685  0.554245
 0.048860  0.451713  0.108568  0.390860
 0.044634  0.851595  0.023499  0.080272
 0.734161  0.062554  0.105675  0.097611

