MEME version 4

ALPHABET= ACGT

strands: + -

Background letter frequencies (from
A 0.29182 C 0.20818 G 0.20818 T 0.29182

MOTIF HNF6_f1
letter-probability matrix: alength= 4 w= 14 nsites= 24 E= 0
 0.319048  0.080952  0.180952  0.419048
 0.309524  0.157143  0.000000  0.533333
 0.090476  0.157143  0.042857  0.709524
 1.000000  0.000000  0.000000  0.000000
 0.000000  0.000000  0.000000  1.000000
 0.000000  0.047619  0.128571  0.823810
 0.000000  0.000000  1.000000  0.000000
 0.957143  0.000000  0.042857  0.000000
 0.000000  0.295238  0.000000  0.704762
 0.080952  0.047619  0.090476  0.780952
 0.204762  0.114286  0.000000  0.680952
 0.314286  0.128571  0.076190  0.480952
 0.247619  0.090476  0.280952  0.380952
 0.305952  0.205952  0.129762  0.358333

