MEME version 4

ALPHABET= ACGT

strands: + -

Background letter frequencies (from
A 0.29182 C 0.20818 G 0.20818 T 0.29182

MOTIF HSF1_f2
letter-probability matrix: alength= 4 w= 14 nsites= 2081 E= 0
 0.432621  0.118639  0.346555  0.102185
 0.070168  0.032548  0.867387  0.029897
 0.841698  0.047948  0.034361  0.075993
 0.815883  0.075501  0.069267  0.039349
 0.292853  0.214179  0.254572  0.238396
 0.285525  0.230508  0.339974  0.143993
 0.139613  0.097456  0.122880  0.640052
 0.135530  0.106609  0.107595  0.650267
 0.078265  0.778100  0.107056  0.036579
 0.100279  0.321800  0.169622  0.408299
 0.618054  0.090648  0.242639  0.048660
 0.056807  0.032887  0.887388  0.022918
 0.742067  0.107648  0.089851  0.060434
 0.752767  0.047886  0.140365  0.058982

