MEME version 4

ALPHABET= ACGT

strands: + -

Background letter frequencies (from
A 0.29182 C 0.20818 G 0.20818 T 0.29182

MOTIF HXA7_f1
letter-probability matrix: alength= 4 w= 15 nsites= 19 E= 0
 0.357353  0.245588  0.304412  0.092647
 0.523529  0.264706  0.052941  0.158824
 0.211765  0.052941  0.000000  0.735294
 0.152941  0.688235  0.052941  0.105882
 0.417647  0.158824  0.264706  0.158824
 0.735294  0.158824  0.000000  0.105882
 0.158824  0.152941  0.158824  0.529412
 0.523529  0.317647  0.000000  0.158824
 0.000000  0.052941  0.841176  0.105882
 0.794118  0.100000  0.105882  0.000000
 0.000000  0.105882  0.211765  0.682353
 0.052941  0.000000  0.052941  0.894118
 0.211765  0.152941  0.635294  0.000000
 0.211765  0.152941  0.529412  0.105882
 0.383824  0.277941  0.172059  0.166176

