MEME version 4

ALPHABET= ACGT

strands: + -

Background letter frequencies (from
A 0.29182 C 0.20818 G 0.20818 T 0.29182

MOTIF HXA9_f1
letter-probability matrix: alength= 4 w= 14 nsites= 29 E= 0
 0.008396  0.008396  0.008396  0.974813
 0.033582  0.000000  0.966418  0.000000
 0.895522  0.037313  0.033582  0.033582
 0.070896  0.906716  0.000000  0.022388
 0.843284  0.123134  0.033582  0.000000
 0.022388  0.134328  0.738806  0.104478
 0.067164  0.134328  0.235075  0.563433
 0.000000  0.000000  0.033582  0.966418
 0.033582  0.033582  0.033582  0.899254
 0.361940  0.000000  0.067164  0.570896
 0.794776  0.067164  0.000000  0.138060
 0.067164  0.402985  0.033582  0.496269
 0.205224  0.000000  0.604478  0.190299
 0.541045  0.100746  0.358209  0.000000

