MEME version 4

ALPHABET= ACGT

strands: + -

Background letter frequencies (from
A 0.29182 C 0.20818 G 0.20818 T 0.29182

MOTIF HXB6_f1
letter-probability matrix: alength= 4 w= 13 nsites= 7 E= 0
 0.473800  0.090493  0.224557  0.211150
 0.496036  0.120657  0.000000  0.383307
 0.000000  0.120657  0.000000  0.879343
 0.120657  0.000000  0.879343  0.000000
 1.000000  0.000000  0.000000  0.000000
 0.000000  0.000000  0.000000  1.000000
 0.000000  0.000000  0.000000  1.000000
 0.120657  0.000000  0.503964  0.375378
 0.879343  0.000000  0.120657  0.000000
 0.000000  0.000000  0.000000  1.000000
 0.000000  0.000000  0.879343  0.120657
 0.496036  0.503964  0.000000  0.000000
 0.503964  0.254721  0.120657  0.120657

