MEME version 4

ALPHABET= ACGT

strands: + -

Background letter frequencies (from
A 0.29182 C 0.20818 G 0.20818 T 0.29182

MOTIF HXC6_f1
letter-probability matrix: alength= 4 w= 15 nsites= 7 E= 0
 0.662500  0.020833  0.145833  0.170833
 0.000000  0.000000  0.000000  1.000000
 0.000000  0.000000  1.000000  0.000000
 1.000000  0.000000  0.000000  0.000000
 0.000000  0.000000  0.000000  1.000000
 0.000000  0.000000  0.000000  1.000000
 0.000000  0.000000  0.150000  0.850000
 1.000000  0.000000  0.000000  0.000000
 0.000000  0.000000  0.000000  1.000000
 0.000000  0.000000  0.150000  0.850000
 0.725000  0.083333  0.041667  0.150000
 0.000000  0.766667  0.150000  0.083333
 0.150000  0.000000  0.000000  0.850000
 0.000000  0.000000  0.000000  1.000000
 0.020833  0.020833  0.170833  0.787500

