MEME version 4

ALPHABET= ACGT

strands: + -

Background letter frequencies (from
A 0.29182 C 0.20818 G 0.20818 T 0.29182

MOTIF HXC8_f1
letter-probability matrix: alength= 4 w= 14 nsites= 9 E= 0
 0.165730  0.278090  0.165730  0.390449
 0.000000  0.000000  0.224719  0.775281
 0.000000  0.112360  0.000000  0.887640
 0.101124  0.337079  0.561798  0.000000
 0.898876  0.000000  0.000000  0.101124
 0.224719  0.000000  0.000000  0.775281
 0.213483  0.000000  0.000000  0.786517
 0.438202  0.000000  0.449438  0.112360
 1.000000  0.000000  0.000000  0.000000
 0.112360  0.112360  0.112360  0.662921
 0.224719  0.000000  0.449438  0.325843
 0.213483  0.449438  0.337079  0.000000
 0.112360  0.438202  0.337079  0.112360
 0.168539  0.494382  0.168539  0.168539

