MEME version 4

ALPHABET= ACGT

strands: + -

Background letter frequencies (from
A 0.29182 C 0.20818 G 0.20818 T 0.29182

MOTIF IRF1_si
letter-probability matrix: alength= 4 w= 12 nsites= 130 E= 0
 0.312680  0.051393  0.613353  0.022574
 0.825168  0.023055  0.139289  0.012488
 0.987512  0.000000  0.007685  0.004803
 1.000000  0.000000  0.000000  0.000000
 0.167147  0.285303  0.473583  0.073967
 0.160423  0.253122  0.035543  0.550913
 0.029779  0.014409  0.955812  0.000000
 0.982709  0.000000  0.017291  0.000000
 0.988473  0.011527  0.000000  0.000000
 1.000000  0.000000  0.000000  0.000000
 0.084534  0.356388  0.417867  0.141210
 0.115034  0.292747  0.081412  0.510807

