MEME version 4

ALPHABET= ACGT

strands: + -

Background letter frequencies (from
A 0.29182 C 0.20818 G 0.20818 T 0.29182

MOTIF IRF2_f1
letter-probability matrix: alength= 4 w= 14 nsites= 83 E= 0
 0.137638  0.271998  0.413266  0.177098
 0.239741  0.038738  0.706260  0.015261
 0.880263  0.022304  0.088042  0.009391
 0.946454  0.000000  0.010565  0.042981
 0.994717  0.000000  0.000000  0.005283
 0.205112  0.116215  0.637587  0.041086
 0.045195  0.368818  0.038738  0.547249
 0.044608  0.000000  0.955392  0.000000
 0.984152  0.000000  0.015848  0.000000
 0.982392  0.011739  0.000000  0.005869
 0.975348  0.012913  0.000000  0.011739
 0.052825  0.338297  0.543140  0.065738
 0.069259  0.398886  0.158156  0.373699
 0.354010  0.175177  0.320287  0.150526

