MEME version 4

ALPHABET= ACGT

strands: + -

Background letter frequencies (from
A 0.29182 C 0.20818 G 0.20818 T 0.29182

MOTIF IRF3_f1
letter-probability matrix: alength= 4 w= 17 nsites= 44 E= 0
 0.142031  0.139460  0.648458  0.070051
 0.218509  0.046272  0.696658  0.038560
 0.892031  0.023136  0.084833  0.000000
 0.976864  0.000000  0.000000  0.023136
 0.912596  0.000000  0.041131  0.046272
 0.151671  0.254499  0.570694  0.023136
 0.128535  0.385604  0.195373  0.290488
 0.084833  0.020566  0.876607  0.017995
 0.982005  0.000000  0.017995  0.000000
 0.976864  0.000000  0.000000  0.023136
 0.964010  0.035990  0.000000  0.000000
 0.197943  0.485861  0.246787  0.069409
 0.023136  0.339332  0.262211  0.375321
 0.305913  0.066838  0.447301  0.179949
 0.439589  0.156812  0.339332  0.064267
 0.508997  0.092545  0.285347  0.113111
 0.488432  0.161954  0.156812  0.192802

