MEME version 4

ALPHABET= ACGT

strands: + -

Background letter frequencies (from
A 0.29182 C 0.20818 G 0.20818 T 0.29182

MOTIF IRF4_si
letter-probability matrix: alength= 4 w= 16 nsites= 1783 E= 0
 0.455533  0.189573  0.235343  0.119551
 0.625415  0.071324  0.137992  0.165269
 0.632665  0.057893  0.179309  0.130133
 0.583974  0.020988  0.221579  0.173460
 0.439162  0.112377  0.374126  0.074335
 0.643712  0.057116  0.194336  0.104836
 0.230921  0.001110  0.760124  0.007845
 0.508469  0.001337  0.489848  0.000347
 0.997419  0.002581  0.000000  0.000000
 0.997695  0.000345  0.001105  0.000855
 0.372972  0.343463  0.283242  0.000323
 0.248840  0.095071  0.094442  0.561646
 0.171023  0.048672  0.764044  0.016261
 0.890273  0.024668  0.069187  0.015872
 0.705978  0.019574  0.273509  0.000940
 0.884976  0.050610  0.063718  0.000695

