MEME version 4

ALPHABET= ACGT

strands: + -

Background letter frequencies (from
A 0.29182 C 0.20818 G 0.20818 T 0.29182

MOTIF IRF5_f1
letter-probability matrix: alength= 4 w= 20 nsites= 5 E= 0
 0.177778  0.000000  0.377778  0.444444
 0.777778  0.000000  0.222222  0.000000
 1.000000  0.000000  0.000000  0.000000
 1.000000  0.000000  0.000000  0.000000
 0.000000  0.000000  0.822222  0.177778
 0.177778  0.000000  0.822222  0.000000
 0.622222  0.000000  0.377778  0.000000
 1.000000  0.000000  0.000000  0.000000
 1.000000  0.000000  0.000000  0.000000
 0.377778  0.000000  0.622222  0.000000
 0.000000  1.000000  0.000000  0.000000
 0.222222  0.422222  0.177778  0.177778
 0.800000  0.000000  0.200000  0.000000
 1.000000  0.000000  0.000000  0.000000
 1.000000  0.000000  0.000000  0.000000
 0.644444  0.000000  0.000000  0.355556
 0.000000  0.422222  0.577778  0.000000
 0.444444  0.000000  0.000000  0.555556
 0.000000  0.000000  0.822222  0.177778
 0.688889  0.222222  0.044444  0.044444

