MEME version 4

ALPHABET= ACGT

strands: + -

Background letter frequencies (from
A 0.29182 C 0.20818 G 0.20818 T 0.29182

MOTIF IRF8_si
letter-probability matrix: alength= 4 w= 15 nsites= 37 E= 0
 0.170055  0.166359  0.523105  0.140481
 0.467652  0.103512  0.347505  0.081331
 0.144177  0.059150  0.767098  0.029575
 0.554529  0.000000  0.445471  0.000000
 0.970425  0.000000  0.029575  0.000000
 0.922366  0.018484  0.029575  0.029575
 0.260628  0.369686  0.369686  0.000000
 0.107209  0.118299  0.088725  0.685767
 0.000000  0.066543  0.911275  0.022181
 0.944547  0.000000  0.055453  0.000000
 0.909427  0.046211  0.044362  0.000000
 0.876155  0.000000  0.077634  0.046211
 0.162662  0.362292  0.343808  0.131238
 0.029575  0.365989  0.110906  0.493530
 0.355823  0.126617  0.407579  0.109982

