MEME version 4

ALPHABET= ACGT

strands: + -

Background letter frequencies (from
A 0.29182 C 0.20818 G 0.20818 T 0.29182

MOTIF IRF9_f1
letter-probability matrix: alength= 4 w= 12 nsites= 5 E= 0
 0.214286  0.000000  0.785714  0.000000
 1.000000  0.000000  0.000000  0.000000
 1.000000  0.000000  0.000000  0.000000
 1.000000  0.000000  0.000000  0.000000
 0.000000  0.214286  0.571429  0.214286
 0.190476  0.619048  0.000000  0.190476
 0.000000  0.000000  0.809524  0.190476
 1.000000  0.000000  0.000000  0.000000
 1.000000  0.000000  0.000000  0.000000
 1.000000  0.000000  0.000000  0.000000
 0.000000  0.619048  0.000000  0.380952
 0.000000  0.000000  0.190476  0.809524

