MEME version 4

ALPHABET= ACGT

strands: + -

Background letter frequencies (from
A 0.29182 C 0.20818 G 0.20818 T 0.29182

MOTIF KAISO_f1
letter-probability matrix: alength= 4 w= 12 nsites= 2010 E= 0
 0.128161  0.448053  0.105275  0.318510
 0.002288  0.000702  0.009813  0.987197
 0.146947  0.526859  0.280705  0.045489
 0.012521  0.018742  0.968638  9.9e-050
 0.001954  0.992480  0.005211  0.000355
 0.620580  0.001866  0.377554  0.000000
 0.309062  0.000000  0.670016  0.020922
 0.005960  0.003526  0.883869  0.106645
 0.892616  0.106248  0.000562  0.000574
 0.409668  0.055445  0.343048  0.191839
 0.179567  0.120409  0.414863  0.285160
 0.364441  0.188520  0.177898  0.269142

