MEME version 4

ALPHABET= ACGT

strands: + -

Background letter frequencies (from
A 0.29182 C 0.20818 G 0.20818 T 0.29182

MOTIF KLF15_f1
letter-probability matrix: alength= 4 w= 17 nsites= 11 E= 0
 0.454327  0.021635  0.502404  0.021635
 0.000000  0.432692  0.480769  0.086538
 0.259615  0.480769  0.086538  0.173077
 0.086538  0.000000  0.480769  0.432692
 0.000000  0.086538  0.740385  0.173077
 0.000000  0.221154  0.778846  0.000000
 0.000000  0.259615  0.740385  0.000000
 0.778846  0.000000  0.221154  0.000000
 0.000000  0.000000  0.913462  0.086538
 0.259615  0.000000  0.480769  0.259615
 0.086538  0.000000  0.307692  0.605769
 0.086538  0.086538  0.567308  0.259615
 0.000000  0.048077  0.951923  0.000000
 0.086538  0.173077  0.653846  0.086538
 0.086538  0.000000  0.740385  0.173077
 0.048077  0.432692  0.519231  0.000000
 0.021635  0.454327  0.415865  0.108173

