MEME version 4

ALPHABET= ACGT

strands: + -

Background letter frequencies (from
A 0.29182 C 0.20818 G 0.20818 T 0.29182

MOTIF KLF3_f1
letter-probability matrix: alength= 4 w= 15 nsites= 8 E= 0
 0.328125  0.265625  0.000000  0.406250
 0.390625  0.140625  0.468750  0.000000
 0.000000  0.796875  0.125000  0.078125
 0.140625  0.390625  0.125000  0.343750
 0.343750  0.000000  0.125000  0.531250
 0.140625  0.000000  0.859375  0.000000
 0.000000  0.000000  0.859375  0.140625
 0.000000  0.000000  1.000000  0.000000
 0.000000  0.000000  0.000000  1.000000
 0.140625  0.000000  0.859375  0.000000
 0.000000  0.000000  0.390625  0.609375
 0.140625  0.265625  0.593750  0.000000
 0.000000  0.125000  0.734375  0.140625
 0.203125  0.515625  0.140625  0.140625
 0.238281  0.035156  0.035156  0.691406

