MEME version 4

ALPHABET= ACGT

strands: + -

Background letter frequencies (from
A 0.29182 C 0.20818 G 0.20818 T 0.29182

MOTIF LHX2_f1
letter-probability matrix: alength= 4 w= 13 nsites= 7 E= 0
 0.184426  0.463115  0.036885  0.315574
 0.459016  0.114754  0.295082  0.131148
 0.147541  0.426230  0.278689  0.147541
 0.311475  0.000000  0.278689  0.409836
 0.147541  0.000000  0.000000  0.852459
 0.147541  0.000000  0.278689  0.573770
 0.000000  0.442623  0.000000  0.557377
 1.000000  0.000000  0.000000  0.000000
 1.000000  0.000000  0.000000  0.000000
 0.000000  0.000000  0.000000  1.000000
 0.295082  0.000000  0.114754  0.590164
 0.704918  0.000000  0.295082  0.000000
 0.073770  0.204918  0.647541  0.073770

