MEME version 4

ALPHABET= ACGT

strands: + -

Background letter frequencies (from
A 0.29182 C 0.20818 G 0.20818 T 0.29182

MOTIF MAFA_f1
letter-probability matrix: alength= 4 w= 21 nsites= 27 E= 0
 0.100451  0.357788  0.369074  0.172686
 0.103837  0.000000  0.279910  0.616253
 0.031603  0.031603  0.776524  0.160271
 0.000000  0.984199  0.015801  0.000000
 0.092551  0.000000  0.000000  0.907449
 0.000000  0.099323  0.900677  0.000000
 0.715576  0.103837  0.015801  0.164786
 0.148984  0.593679  0.137698  0.119639
 0.000000  0.381490  0.363431  0.255079
 0.325056  0.458239  0.036117  0.180587
 0.167043  0.376975  0.117381  0.338600
 0.036117  0.153499  0.670429  0.139955
 0.081264  0.616253  0.067720  0.234763
 0.663657  0.083521  0.081264  0.171558
 0.246050  0.144470  0.507901  0.101580
 0.083521  0.539503  0.067720  0.309255
 0.252822  0.397291  0.000000  0.349887
 0.148984  0.133183  0.103837  0.613995
 0.083521  0.343115  0.081264  0.492099
 0.112867  0.650113  0.088036  0.148984
 0.250564  0.318284  0.322799  0.108352

