MEME version 4

ALPHABET= ACGT

strands: + -

Background letter frequencies (from
A 0.29182 C 0.20818 G 0.20818 T 0.29182

MOTIF MAZ_f1
letter-probability matrix: alength= 4 w= 17 nsites= 31 E= 0
 0.226358  0.163984  0.417505  0.192153
 0.108652  0.144869  0.728370  0.018109
 0.237425  0.000000  0.657948  0.104628
 0.108652  0.098592  0.792757  0.000000
 0.213280  0.173038  0.412475  0.201207
 0.281690  0.000000  0.573441  0.144869
 0.219316  0.213280  0.567404  0.000000
 0.173038  0.036217  0.790744  0.000000
 0.000000  0.054326  0.945674  0.000000
 0.722334  0.018109  0.158954  0.100604
 0.000000  0.018109  0.981891  0.000000
 0.000000  0.052314  0.879276  0.068410
 0.259557  0.098592  0.641851  0.000000
 0.498994  0.000000  0.404427  0.096579
 0.219316  0.028169  0.637827  0.114688
 0.000000  0.072435  0.891348  0.036217
 0.145875  0.153924  0.654930  0.045272

