MEME version 4

ALPHABET= ACGT

strands: + -

Background letter frequencies (from
A 0.29182 C 0.20818 G 0.20818 T 0.29182

MOTIF MCR_f1
letter-probability matrix: alength= 4 w= 17 nsites= 7 E= 0
 0.388889  0.246032  0.103175  0.261905
 0.698413  0.000000  0.000000  0.301587
 0.126984  0.000000  0.873016  0.000000
 0.412698  0.000000  0.285714  0.301587
 0.460317  0.412698  0.126984  0.000000
 0.000000  0.746032  0.126984  0.126984
 0.587302  0.000000  0.000000  0.412698
 0.198413  0.166667  0.595238  0.039683
 0.166667  0.198413  0.595238  0.039683
 0.182540  0.039683  0.039683  0.738095
 0.000000  0.158730  0.253968  0.587302
 0.158730  0.000000  0.841270  0.000000
 0.444444  0.000000  0.000000  0.555556
 0.285714  0.000000  0.285714  0.428571
 0.000000  0.301587  0.698413  0.000000
 0.126984  0.000000  0.285714  0.587302
 0.468254  0.039683  0.325397  0.166667

