MEME version 4

ALPHABET= ACGT

strands: + -

Background letter frequencies (from
A 0.29182 C 0.20818 G 0.20818 T 0.29182

MOTIF MEF2D_f1
letter-probability matrix: alength= 4 w= 12 nsites= 11 E= 0
 0.136842  0.052632  0.589474  0.221053
 0.000000  0.831579  0.094737  0.073684
 0.000000  0.000000  0.000000  1.000000
 0.905263  0.000000  0.094737  0.000000
 0.000000  0.094737  0.000000  0.905263
 0.189474  0.000000  0.000000  0.810526
 0.094737  0.000000  0.000000  0.905263
 0.378947  0.000000  0.000000  0.621053
 0.094737  0.000000  0.000000  0.905263
 0.905263  0.000000  0.094737  0.000000
 0.084211  0.000000  0.642105  0.273684
 0.315789  0.389474  0.242105  0.052632

