MEME version 4

ALPHABET= ACGT

strands: + -

Background letter frequencies (from
A 0.29182 C 0.20818 G 0.20818 T 0.29182

MOTIF MEF2A_f1
letter-probability matrix: alength= 4 w= 14 nsites= 143 E= 0
 0.341567  0.112113  0.369848  0.176472
 0.296018  0.068105  0.305781  0.330096
 0.135805  0.062232  0.383667  0.418296
 0.008240  0.732647  0.070913  0.188200
 0.010277  0.010277  0.000000  0.979446
 0.961956  0.013379  0.009249  0.015416
 0.061700  0.022628  0.000000  0.915672
 0.230996  0.000000  0.000000  0.769004
 0.183153  0.005139  0.000000  0.811709
 0.539199  0.000000  0.000000  0.460801
 0.054506  0.005139  0.000000  0.940356
 0.969132  0.000000  0.030868  0.000000
 0.117783  0.002569  0.835419  0.044228
 0.365971  0.456556  0.073293  0.104180

