MEME version 4

ALPHABET= ACGT

strands: + -

Background letter frequencies (from
A 0.29182 C 0.20818 G 0.20818 T 0.29182

MOTIF MEF2C_f1
letter-probability matrix: alength= 4 w= 13 nsites= 571 E= 0
 0.302533  0.067251  0.166167  0.464049
 0.180338  0.031492  0.349050  0.439121
 0.035832  0.960774  0.000000  0.003393
 0.000000  0.000000  0.000000  1.000000
 1.000000  0.000000  0.000000  0.000000
 0.454077  0.000000  0.000000  0.545923
 0.881349  0.000000  0.000000  0.118651
 0.894230  0.000000  0.000000  0.105770
 0.997794  0.000000  0.000000  0.002206
 0.000000  0.000000  0.000000  1.000000
 1.000000  0.000000  0.000000  0.000000
 0.004635  0.002227  0.993138  0.000000
 0.378370  0.309220  0.117205  0.195205

