MEME version 4

ALPHABET= ACGT

strands: + -

Background letter frequencies (from
A 0.29182 C 0.20818 G 0.20818 T 0.29182

MOTIF MEIS1_f2
letter-probability matrix: alength= 4 w= 13 nsites= 39 E= 0
 0.000000  0.000000  0.000000  1.000000
 0.024590  0.000000  0.975410  0.000000
 0.926230  0.000000  0.024590  0.049180
 0.024590  0.931694  0.000000  0.043716
 0.928962  0.024590  0.024590  0.021858
 0.000000  0.147541  0.803279  0.049180
 0.071038  0.270492  0.243169  0.415301
 0.000000  0.024590  0.000000  0.975410
 0.000000  0.073770  0.218579  0.707650
 0.314208  0.073770  0.024590  0.587432
 0.633880  0.196721  0.095628  0.073770
 0.267760  0.316940  0.095628  0.319672
 0.237022  0.092213  0.532104  0.138661

