MEME version 4

ALPHABET= ACGT

strands: + -

Background letter frequencies (from
A 0.29182 C 0.20818 G 0.20818 T 0.29182

MOTIF MLXPL_f1
letter-probability matrix: alength= 4 w= 19 nsites= 10 E= 0
 0.051205  0.243976  0.653614  0.051205
 0.120482  0.879518  0.000000  0.000000
 0.927711  0.000000  0.000000  0.072289
 0.000000  0.385542  0.120482  0.493976
 0.084337  0.120482  0.795181  0.000000
 0.120482  0.000000  0.313253  0.566265
 0.000000  0.000000  1.000000  0.000000
 0.433735  0.253012  0.313253  0.000000
 0.216867  0.710843  0.000000  0.072289
 0.626506  0.301205  0.072289  0.000000
 0.421687  0.481928  0.000000  0.096386
 0.180723  0.590361  0.000000  0.228916
 0.096386  0.385542  0.421687  0.096386
 0.084337  0.325301  0.277108  0.313253
 0.000000  0.686747  0.216867  0.096386
 0.096386  0.000000  0.903614  0.000000
 0.000000  0.000000  0.000000  1.000000
 0.000000  0.120482  0.879518  0.000000
 0.051205  0.219880  0.376506  0.352410

