MEME version 4

ALPHABET= ACGT

strands: + -

Background letter frequencies (from
A 0.29182 C 0.20818 G 0.20818 T 0.29182

MOTIF MYOG_f1
letter-probability matrix: alength= 4 w= 13 nsites= 27 E= 0
 0.099330  0.255580  0.117188  0.527902
 0.308036  0.156250  0.508929  0.026786
 0.566964  0.111607  0.196429  0.125000
 0.044643  0.955357  0.000000  0.000000
 1.000000  0.000000  0.000000  0.000000
 0.040179  0.116071  0.843750  0.000000
 0.000000  0.977679  0.022321  0.000000
 0.040179  0.000000  0.000000  0.959821
 0.000000  0.000000  1.000000  0.000000
 0.075893  0.549107  0.227679  0.147321
 0.334821  0.035714  0.075893  0.553571
 0.035714  0.147321  0.781250  0.035714
 0.125000  0.571429  0.178571  0.125000

