MEME version 4

ALPHABET= ACGT

strands: + -

Background letter frequencies (from
A 0.29182 C 0.20818 G 0.20818 T 0.29182

MOTIF NDF1_f1
letter-probability matrix: alength= 4 w= 12 nsites= 26 E= 0
 0.159091  0.431818  0.209091  0.200000
 0.286364  0.045455  0.668182  0.000000
 0.277273  0.127273  0.595455  0.000000
 0.000000  1.000000  0.000000  0.000000
 0.927273  0.000000  0.000000  0.072727
 0.045455  0.145455  0.809091  0.000000
 0.431818  0.186364  0.381818  0.000000
 0.000000  0.036364  0.000000  0.963636
 0.000000  0.000000  1.000000  0.000000
 0.118182  0.072727  0.518182  0.290909
 0.077273  0.477273  0.240909  0.204545
 0.232955  0.551136  0.205682  0.010227

