MEME version 4

ALPHABET= ACGT

strands: + -

Background letter frequencies (from
A 0.29182 C 0.20818 G 0.20818 T 0.29182

MOTIF NF2L2_si
letter-probability matrix: alength= 4 w= 12 nsites= 92 E= 0
 0.050360  0.066837  0.110247  0.772556
 0.066938  0.029864  0.848618  0.054580
 0.014417  0.902011  0.042222  0.041350
 0.048558  0.189799  0.040163  0.721480
 0.114781  0.053707  0.609317  0.222195
 0.579453  0.060916  0.107415  0.252217
 0.145518  0.122862  0.672922  0.058699
 0.067967  0.013388  0.008238  0.910407
 0.043409  0.856699  0.083414  0.016477
 0.840637  0.089851  0.006436  0.063076
 0.022656  0.401496  0.138667  0.437182
 0.123434  0.254534  0.382387  0.239645

