MEME version 4

ALPHABET= ACGT

strands: + -

Background letter frequencies (from
A 0.29182 C 0.20818 G 0.20818 T 0.29182

MOTIF NFAC1_do
letter-probability matrix: alength= 4 w= 13 nsites= 425 E= 0
 0.209681  0.244275  0.144606  0.401438
 0.000000  0.000000  1.000000  0.000000
 0.000000  0.000000  1.000000  0.000000
 0.990280  0.009720  0.000000  0.000000
 1.000000  0.000000  0.000000  0.000000
 0.665183  0.063912  0.000000  0.270905
 0.324133  0.053373  0.158892  0.463603
 0.012960  0.000000  0.009720  0.977320
 0.010959  0.128986  0.012960  0.847095
 0.023919  0.845299  0.000000  0.130782
 0.149105  0.738992  0.093202  0.018700
 0.541036  0.006197  0.186749  0.266018
 0.150863  0.132060  0.085016  0.632060

