MEME version 4

ALPHABET= ACGT

strands: + -

Background letter frequencies (from
A 0.29182 C 0.20818 G 0.20818 T 0.29182

MOTIF NFAC1_si
letter-probability matrix: alength= 4 w= 12 nsites= 710 E= 0
 0.236223  0.408097  0.174696  0.180985
 0.481596  0.243299  0.125560  0.149545
 0.613306  0.050591  0.193175  0.142928
 0.131918  0.141982  0.021296  0.704805
 0.000000  0.000000  1.000000  0.000000
 0.000000  0.000000  1.000000  0.000000
 0.999259  0.000000  0.000741  0.000000
 1.000000  0.000000  0.000000  0.000000
 0.727336  0.075221  0.020890  0.176554
 0.479402  0.064110  0.098980  0.357509
 0.192072  0.038966  0.027048  0.741914
 0.095588  0.199699  0.082015  0.622698

