MEME version 4

ALPHABET= ACGT

strands: + -

Background letter frequencies (from
A 0.29182 C 0.20818 G 0.20818 T 0.29182

MOTIF NFAT5_f1
letter-probability matrix: alength= 4 w= 15 nsites= 8 E= 0
 0.130137  0.280822  0.568493  0.020548
 0.000000  0.383562  0.000000  0.616438
 0.000000  0.000000  1.000000  0.000000
 0.000000  0.000000  1.000000  0.000000
 1.000000  0.000000  0.000000  0.000000
 0.726027  0.000000  0.273973  0.000000
 1.000000  0.000000  0.000000  0.000000
 0.917808  0.000000  0.082192  0.000000
 0.273973  0.273973  0.191781  0.260274
 0.082192  0.273973  0.000000  0.643836
 0.232877  0.493151  0.000000  0.273973
 0.000000  1.000000  0.000000  0.000000
 0.493151  0.397260  0.000000  0.109589
 0.109589  0.000000  0.205479  0.684932
 0.143836  0.020548  0.431507  0.404110

