MEME version 4

ALPHABET= ACGT

strands: + -

Background letter frequencies (from
A 0.29182 C 0.20818 G 0.20818 T 0.29182

MOTIF NFE2_f2
letter-probability matrix: alength= 4 w= 14 nsites= 1433 E= 0
 0.399719  0.195866  0.277889  0.126526
 0.188168  0.297218  0.410086  0.104527
 0.251352  0.355120  0.274309  0.119220
 0.613390  0.034870  0.304588  0.047152
 0.027066  0.005590  0.055847  0.911497
 0.006322  0.064269  0.922168  0.007242
 0.934867  0.008744  0.018745  0.037643
 0.058321  0.773794  0.146477  0.021407
 0.117939  0.037030  0.040131  0.804899
 0.070819  0.813666  0.066419  0.049095
 0.797583  0.056690  0.074006  0.071721
 0.052098  0.006717  0.903449  0.037736
 0.020261  0.857150  0.027075  0.095514
 0.703472  0.050294  0.100605  0.145629

