MEME version 4

ALPHABET= ACGT

strands: + -

Background letter frequencies (from
A 0.29182 C 0.20818 G 0.20818 T 0.29182

MOTIF NFIL3_si
letter-probability matrix: alength= 4 w= 14 nsites= 51 E= 0
 0.275880  0.194247  0.472161  0.057712
 0.057712  0.000000  0.018301  0.923987
 0.018301  0.000000  0.097124  0.884576
 0.979666  0.000000  0.000000  0.020334
 0.000000  0.414448  0.036602  0.548950
 0.154836  0.000000  0.845164  0.000000
 0.000000  0.038635  0.000000  0.961365
 1.000000  0.000000  0.000000  0.000000
 0.981699  0.000000  0.000000  0.018301
 0.018301  0.315291  0.212548  0.453860
 0.136535  0.157646  0.409605  0.296214
 0.154836  0.354703  0.175946  0.314515
 0.412415  0.372227  0.136535  0.078823
 0.154836  0.197057  0.254769  0.393338

