MEME version 4

ALPHABET= ACGT

strands: + -

Background letter frequencies (from
A 0.29182 C 0.20818 G 0.20818 T 0.29182

MOTIF NFYA_f1
letter-probability matrix: alength= 4 w= 13 nsites= 1309 E= 0
 0.147555  0.403455  0.065731  0.383260
 0.069627  0.186643  0.335205  0.408525
 0.069256  0.639407  0.176003  0.115334
 0.014532  0.307018  0.053866  0.624583
 0.049567  0.296820  0.567414  0.086198
 0.976712  0.008124  0.005756  0.009407
 0.002900  0.004399  0.004856  0.987845
 0.009196  0.002736  0.004642  0.983426
 0.000586  0.003139  0.989239  0.007035
 0.002733  0.012878  0.983756  0.000633
 0.068294  0.508402  0.055089  0.368215
 0.038847  0.391157  0.087350  0.482647
 0.274283  0.206673  0.424234  0.094810

