MEME version 4

ALPHABET= ACGT

strands: + -

Background letter frequencies (from
A 0.29182 C 0.20818 G 0.20818 T 0.29182

MOTIF NFYB_f1
letter-probability matrix: alength= 4 w= 13 nsites= 1148 E= 0
 0.137538  0.444147  0.106423  0.311892
 0.054950  0.202668  0.294591  0.447792
 0.051073  0.658069  0.169214  0.121643
 0.011676  0.296375  0.045744  0.646205
 0.041288  0.334883  0.571907  0.051922
 0.985648  0.005893  0.004606  0.003853
 7.6e-050  0.003045  0.008164  0.988715
 0.000521  0.000000  0.006377  0.993102
 0.001296  0.005942  0.991582  0.001181
 0.001171  0.004791  0.993342  0.000696
 0.087762  0.569441  0.046768  0.296028
 0.026508  0.358966  0.039720  0.574806
 0.251115  0.160599  0.462387  0.125899

