MEME version 4

ALPHABET= ACGT

strands: + -

Background letter frequencies (from
A 0.29182 C 0.20818 G 0.20818 T 0.29182

MOTIF NFYC_f1
letter-probability matrix: alength= 4 w= 14 nsites= 26 E= 0
 0.129397  0.310302  0.400754  0.159548
 0.160804  0.467337  0.206030  0.165829
 0.040201  0.271357  0.417085  0.271357
 0.055276  0.587940  0.266332  0.090452
 0.080402  0.160804  0.090452  0.668342
 0.150754  0.306533  0.517588  0.025126
 0.864322  0.080402  0.000000  0.055276
 0.000000  0.000000  0.030151  0.969849
 0.030151  0.000000  0.045226  0.924623
 0.000000  0.000000  1.000000  0.000000
 0.030151  0.025126  0.944724  0.000000
 0.070352  0.582915  0.110553  0.236181
 0.075377  0.216080  0.030151  0.678392
 0.309045  0.103015  0.459799  0.128141

