MEME version 4

ALPHABET= ACGT

strands: + -

Background letter frequencies (from
A 0.29182 C 0.20818 G 0.20818 T 0.29182

MOTIF NKX22_si
letter-probability matrix: alength= 4 w= 12 nsites= 24 E= 0
 0.098606  0.116534  0.309761  0.475100
 0.233068  0.000000  0.067729  0.699203
 0.000000  0.322709  0.103586  0.573705
 1.000000  0.000000  0.000000  0.000000
 1.000000  0.000000  0.000000  0.000000
 0.000000  0.000000  1.000000  0.000000
 0.035857  0.000000  0.000000  0.964143
 0.358566  0.035857  0.605578  0.000000
 0.017928  0.340637  0.430279  0.211155
 0.107570  0.035857  0.053785  0.802789
 0.089641  0.000000  0.071713  0.838645
 0.268924  0.125498  0.247012  0.358566

