MEME version 4

ALPHABET= ACGT

strands: + -

Background letter frequencies (from
A 0.29182 C 0.20818 G 0.20818 T 0.29182

MOTIF NKX31_si
letter-probability matrix: alength= 4 w= 13 nsites= 43 E= 0
 0.547804  0.034386  0.055586  0.362223
 0.510600  0.089973  0.042400  0.357028
 0.042400  0.068773  0.000000  0.888828
 0.973627  0.026373  0.000000  0.000000
 0.904854  0.052746  0.000000  0.042400
 0.095146  0.000000  0.778162  0.126692
 0.000000  0.000000  0.000000  1.000000
 0.848783  0.040044  0.111172  0.000000
 0.190292  0.163919  0.045217  0.600572
 0.536973  0.040044  0.089973  0.333010
 0.216665  0.196434  0.111172  0.475729
 0.470556  0.047573  0.185118  0.296753
 0.419218  0.138954  0.091381  0.350446

