MEME version 4

ALPHABET= ACGT

strands: + -

Background letter frequencies (from
A 0.29182 C 0.20818 G 0.20818 T 0.29182

MOTIF NR1D1_f1
letter-probability matrix: alength= 4 w= 14 nsites= 13 E= 0
 0.584711  0.039256  0.179752  0.196281
 0.528926  0.000000  0.082645  0.388430
 0.842975  0.074380  0.000000  0.082645
 0.842975  0.000000  0.000000  0.157025
 0.314050  0.148760  0.454545  0.082645
 0.000000  0.082645  0.082645  0.834711
 0.842975  0.000000  0.157025  0.000000
 0.000000  0.000000  0.917355  0.082645
 0.000000  0.000000  1.000000  0.000000
 0.000000  0.000000  0.000000  1.000000
 0.000000  0.933884  0.000000  0.066116
 1.000000  0.000000  0.000000  0.000000
 0.380165  0.082645  0.380165  0.157025
 0.425620  0.037190  0.194215  0.342975

