MEME version 4

ALPHABET= ACGT

strands: + -

Background letter frequencies (from
A 0.29182 C 0.20818 G 0.20818 T 0.29182

MOTIF NR1H2_f1
letter-probability matrix: alength= 4 w= 19 nsites= 19 E= 0
 0.041667  0.041667  0.041667  0.875000
 0.708333  0.208333  0.000000  0.083333
 0.708333  0.000000  0.208333  0.083333
 0.791667  0.000000  0.208333  0.000000
 0.000000  0.000000  1.000000  0.000000
 0.000000  0.000000  0.958333  0.041667
 0.000000  0.000000  0.000000  1.000000
 0.000000  1.000000  0.000000  0.000000
 1.000000  0.000000  0.000000  0.000000
 1.000000  0.000000  0.000000  0.000000
 1.000000  0.000000  0.000000  0.000000
 0.000000  0.000000  1.000000  0.000000
 0.000000  0.000000  1.000000  0.000000
 0.000000  0.000000  0.000000  1.000000
 0.000000  1.000000  0.000000  0.000000
 1.000000  0.000000  0.000000  0.000000
 0.833333  0.000000  0.083333  0.083333
 0.000000  0.625000  0.250000  0.125000
 0.000000  0.041667  0.625000  0.333333

