MEME version 4

ALPHABET= ACGT

strands: + -

Background letter frequencies (from
A 0.29182 C 0.20818 G 0.20818 T 0.29182

MOTIF NR1H4_f1
letter-probability matrix: alength= 4 w= 14 nsites= 45 E= 0
 0.498837  0.043023  0.375581  0.082558
 0.455814  0.020930  0.523256  0.000000
 0.000000  0.020930  0.955814  0.023256
 0.023256  0.000000  0.872093  0.104651
 0.018605  0.062791  0.023256  0.895349
 0.020930  0.825581  0.130233  0.023256
 0.976744  0.000000  0.023256  0.000000
 0.395349  0.190698  0.197674  0.216279
 0.044186  0.130233  0.158140  0.667442
 0.220930  0.023256  0.732558  0.023256
 0.606977  0.127907  0.083721  0.181395
 0.060465  0.851163  0.020930  0.067442
 0.023256  0.888372  0.020930  0.067442
 0.086047  0.111628  0.106977  0.695349

