MEME version 4

ALPHABET= ACGT

strands: + -

Background letter frequencies (from
A 0.29182 C 0.20818 G 0.20818 T 0.29182

MOTIF NR2C2_f1
letter-probability matrix: alength= 4 w= 13 nsites= 2058 E= 0
 0.479296  0.084337  0.387659  0.048709
 0.198438  0.042940  0.687021  0.071601
 0.097330  0.119714  0.700578  0.082378
 0.101480  0.103833  0.223793  0.570894
 0.123271  0.643551  0.162731  0.070446
 0.811379  0.050869  0.128611  0.009141
 0.567936  0.059118  0.360788  0.012158
 0.857376  0.004064  0.106245  0.032315
 0.048247  0.013176  0.888610  0.049967
 0.030177  0.040538  0.814332  0.114953
 0.061973  0.106893  0.215044  0.616090
 0.141139  0.719768  0.100493  0.038600
 0.792548  0.032490  0.122367  0.052595

