MEME version 4

ALPHABET= ACGT

strands: + -

Background letter frequencies (from
A 0.29182 C 0.20818 G 0.20818 T 0.29182

MOTIF NR2F6_f1
letter-probability matrix: alength= 4 w= 18 nsites= 11 E= 0
 0.475490  0.024510  0.289216  0.210784
 0.176471  0.000000  0.823529  0.000000
 0.088235  0.274510  0.637255  0.000000
 0.450980  0.000000  0.186275  0.362745
 0.186275  0.725490  0.088235  0.000000
 1.000000  0.000000  0.000000  0.000000
 0.911765  0.000000  0.088235  0.000000
 0.715686  0.000000  0.284314  0.000000
 0.000000  0.000000  1.000000  0.000000
 0.176471  0.098039  0.274510  0.450980
 0.186275  0.186275  0.176471  0.450980
 0.176471  0.637255  0.186275  0.000000
 0.911765  0.000000  0.088235  0.000000
 0.274510  0.274510  0.186275  0.264706
 0.186275  0.284314  0.176471  0.352941
 0.186275  0.000000  0.362745  0.450980
 0.264706  0.088235  0.470588  0.176471
 0.539216  0.186275  0.274510  0.000000

