MEME version 4

ALPHABET= ACGT

strands: + -

Background letter frequencies (from
A 0.29182 C 0.20818 G 0.20818 T 0.29182

MOTIF NRF1_f1
letter-probability matrix: alength= 4 w= 12 nsites= 1840 E= 0
 0.249809  0.052225  0.665704  0.032262
 0.124313  0.728900  0.086813  0.059974
 0.077657  0.038547  0.848096  0.035700
 0.006792  0.876826  0.098571  0.017811
 0.891502  0.040927  0.048371  0.019200
 0.107140  0.126754  0.286205  0.479901
 0.024698  0.018920  0.818053  0.138329
 0.029384  0.908752  0.022652  0.039212
 0.018673  0.063600  0.834375  0.083352
 0.049802  0.862921  0.086128  0.001149
 0.730923  0.082470  0.163266  0.023341
 0.151123  0.212684  0.537513  0.098681

