MEME version 4

ALPHABET= ACGT

strands: + -

Background letter frequencies (from
A 0.29182 C 0.20818 G 0.20818 T 0.29182

MOTIF ONEC2_si
letter-probability matrix: alength= 4 w= 21 nsites= 7 E= 0
 0.296875  0.000000  0.421875  0.281250
 0.140625  0.000000  0.296875  0.562500
 0.140625  0.437500  0.296875  0.125000
 0.265625  0.156250  0.140625  0.437500
 0.140625  0.156250  0.140625  0.562500
 0.140625  0.125000  0.453125  0.281250
 0.453125  0.000000  0.000000  0.546875
 0.000000  0.140625  0.140625  0.718750
 1.000000  0.000000  0.000000  0.000000
 0.000000  0.000000  0.000000  1.000000
 0.000000  0.156250  0.281250  0.562500
 0.156250  0.000000  0.843750  0.000000
 1.000000  0.000000  0.000000  0.000000
 0.000000  0.281250  0.000000  0.718750
 0.000000  0.000000  0.000000  1.000000
 0.281250  0.125000  0.000000  0.593750
 0.281250  0.000000  0.000000  0.718750
 0.281250  0.000000  0.140625  0.578125
 0.000000  0.421875  0.000000  0.578125
 0.000000  0.437500  0.000000  0.562500
 0.265625  0.156250  0.000000  0.578125

