MEME version 4

ALPHABET= ACGT

strands: + -

Background letter frequencies (from
A 0.29182 C 0.20818 G 0.20818 T 0.29182

MOTIF OTX2_si
letter-probability matrix: alength= 4 w= 15 nsites= 25 E= 0
 0.144850  0.101931  0.440987  0.312232
 0.309013  0.201717  0.120172  0.369099
 0.236052  0.081545  0.317597  0.364807
 0.557940  0.283262  0.158798  0.000000
 0.433476  0.158798  0.120172  0.287554
 0.278970  0.240343  0.399142  0.081545
 0.077253  0.158798  0.721030  0.042918
 0.120172  0.000000  0.879828  0.000000
 0.957082  0.042918  0.000000  0.000000
 0.000000  0.000000  0.000000  1.000000
 0.038627  0.000000  0.000000  0.961373
 1.000000  0.000000  0.000000  0.000000
 0.489270  0.085837  0.347639  0.077253
 0.472103  0.158798  0.240343  0.128755
 0.167382  0.158798  0.343348  0.330472

