MEME version 4

ALPHABET= ACGT

strands: + -

Background letter frequencies (from
A 0.29182 C 0.20818 G 0.20818 T 0.29182

MOTIF P53_f2
letter-probability matrix: alength= 4 w= 20 nsites= 1609 E= 0
 0.316018  0.032072  0.572629  0.079281
 0.174645  0.023381  0.737975  0.063999
 0.534002  0.014429  0.441487  0.010082
 0.005751  0.971983  0.021266  0.001000
 0.866494  0.011256  0.029118  0.093132
 0.202327  0.005606  0.049225  0.742842
 0.003317  0.001333  0.995017  0.000333
 0.031290  0.487710  0.019962  0.461037
 0.057596  0.812132  0.040706  0.089566
 0.095954  0.533001  0.026509  0.344535
 0.167240  0.139632  0.593001  0.100128
 0.220057  0.043517  0.645642  0.090784
 0.373541  0.030248  0.550392  0.045820
 0.036970  0.897783  0.056990  0.008257
 0.755864  0.056859  0.044908000000000003  0.142369
 0.158971  0.057554  0.082050  0.701425
 0.079615  0.057076  0.830294  0.033015
 0.114773  0.189420  0.054976  0.640832
 0.148742  0.402024  0.105489  0.343745
 0.145581  0.327322  0.171721  0.355376

