MEME version 4

ALPHABET= ACGT

strands: + -

Background letter frequencies (from
A 0.29182 C 0.20818 G 0.20818 T 0.29182

MOTIF P73_si
letter-probability matrix: alength= 4 w= 12 nsites= 15 E= 0
 0.119658  0.119658  0.512821  0.247863
 0.153846  0.076923  0.649573  0.119658
 0.076923  0.000000  0.726496  0.196581
 0.384615  0.000000  0.615385  0.000000
 0.076923  0.923077  0.000000  0.000000
 1.000000  0.000000  0.000000  0.000000
 0.273504  0.085470  0.324786  0.316239
 0.000000  0.085470  0.914530  0.000000
 0.000000  0.435897  0.000000  0.564103
 0.000000  0.564103  0.042735  0.393162
 0.076923  0.316239  0.196581  0.410256
 0.128205  0.213675  0.367521  0.290598

