MEME version 4

ALPHABET= ACGT

strands: + -

Background letter frequencies (from
A 0.29182 C 0.20818 G 0.20818 T 0.29182

MOTIF PAX2_f1
letter-probability matrix: alength= 4 w= 18 nsites= 50 E= 0
 0.231214  0.182801  0.412093  0.173891
 0.332052  0.274729  0.057323  0.335897
 0.057323  0.156589  0.252010  0.534078
 0.177385  0.462428  0.182801  0.177385
 0.547886  0.160083  0.200104  0.091927
 0.194687  0.173891  0.454036  0.177385
 0.000000  0.154667  0.019225  0.826109
 0.080041  0.584062  0.295876  0.040021
 0.822615  0.040021  0.137364  0.000000
 0.151173  0.257427  0.093850  0.497551
 0.217406  0.059245  0.585984  0.137364
 0.262843  0.519751  0.120062  0.097344
 0.196610  0.091927  0.511359  0.200104
 0.057323  0.240124  0.000000  0.702553
 0.080041  0.097344  0.822615  0.000000
 0.780672  0.000000  0.040021  0.179308
 0.069209  0.610625  0.000000  0.320166
 0.514899  0.041638  0.144398  0.299065

