MEME version 4

ALPHABET= ACGT

strands: + -

Background letter frequencies (from
A 0.29182 C 0.20818 G 0.20818 T 0.29182

MOTIF PAX5_f1
letter-probability matrix: alength= 4 w= 19 nsites= 3939 E= 0
 0.275163  0.253769  0.378266  0.092802
 0.339572  0.067366  0.298937  0.294124
 0.300560  0.051509  0.628712  0.019218
 0.264116  0.173890  0.344312  0.217682
 0.039409  0.226282  0.507447  0.226862
 0.074960  0.767745  0.030566  0.126730
 0.742405  0.096484  0.073784  0.087327
 0.173445  0.318311  0.425035  0.083209
 0.005838  0.410401  0.104123  0.479637
 0.152670  0.365371  0.442639  0.039320
 0.641022  0.004485  0.333251  0.021242
 0.531448  0.019458  0.252141  0.196954
 0.000405  0.218837  0.780757  0.000000
 0.041226  0.751405  0.062079  0.145290
 0.335326  0.050593  0.563429  0.050652
 0.116297  0.043671  0.297360  0.542671
 0.329207  0.046377  0.624283  0.000133
 0.572935  0.059688  0.298000  0.069377
 0.180887  0.707751  0.089749  0.021613

