MEME version 4

ALPHABET= ACGT

strands: + -

Background letter frequencies (from
A 0.29182 C 0.20818 G 0.20818 T 0.29182

MOTIF PAX8_f1
letter-probability matrix: alength= 4 w= 14 nsites= 37 E= 0
 0.116261  0.212006  0.397416  0.274316
 0.082067  0.223404  0.095745  0.598784
 0.246201  0.379939  0.319149  0.054711
 0.832827  0.069909  0.054711  0.042553
 0.136778  0.449848  0.000000  0.413374
 0.068389  0.159574  0.042553  0.729483
 0.085106  0.437690  0.449848  0.027356
 0.465046  0.057751  0.392097  0.085106
 0.428571  0.328267  0.133739  0.109422
 0.027356  0.224924  0.679331  0.068389
 0.142857  0.528875  0.000000  0.328267
 0.389058  0.109422  0.501520  0.000000
 0.000000  0.097264  0.455927  0.446809
 0.344225  0.055471  0.435410  0.164894

