MEME version 4

ALPHABET= ACGT

strands: + -

Background letter frequencies (from
A 0.29182 C 0.20818 G 0.20818 T 0.29182

MOTIF PBX1_do
letter-probability matrix: alength= 4 w= 15 nsites= 145 E= 0
 0.399691  0.135589  0.198972  0.265748
 0.448067  0.153399  0.213195  0.185339
 0.299824  0.163423  0.116499  0.420255
 0.269459  0.070509  0.052476  0.607557
 0.154039  0.011203  0.078174  0.756584
 0.031839  0.015920  0.922761  0.029481
 0.850728  0.050462  0.079943  0.018868
 0.142542  0.051296  0.000000  0.806162
 0.033608  0.055179  0.154234  0.756979
 0.071933  0.011203  0.873823  0.043042
 0.854021  0.013561  0.092914  0.039504
 0.048496  0.087165  0.026680  0.837659
 0.131142  0.132616  0.492040  0.244203
 0.254963  0.081711  0.353773  0.309552
 0.148560  0.209930  0.398511  0.242998

