MEME version 4

ALPHABET= ACGT

strands: + -

Background letter frequencies (from
A 0.29182 C 0.20818 G 0.20818 T 0.29182

MOTIF PBX3_f2
letter-probability matrix: alength= 4 w= 14 nsites= 1846 E= 0
 0.109554  0.379659  0.170586  0.340201
 0.073452  0.219963  0.277791  0.428794
 0.061277  0.390725  0.179291  0.368707
 0.062364  0.178720  0.021829  0.737087
 0.005872  0.213785  0.725442  0.054900
 0.976276  0.000000  0.004784  0.018941
 0.000000  0.031177  0.083290  0.885533
 0.000517  0.000000  0.007803  0.991680
 0.000000  0.000928  0.989279  0.009793
 0.373764  0.000261  0.625975  0.000000
 0.130451  0.516633  0.024647  0.328269
 0.182012  0.158748  0.193969  0.465270
 0.180187  0.094272  0.518563  0.206978
 0.230327  0.179287  0.428360  0.162026

