MEME version 4

ALPHABET= ACGT

strands: + -

Background letter frequencies (from
A 0.29182 C 0.20818 G 0.20818 T 0.29182

MOTIF PKNX1_si
letter-probability matrix: alength= 4 w= 13 nsites= 9 E= 0
 0.414966  0.231293  0.353741  0.000000
 0.353741  0.108844  0.414966  0.122449
 0.306122  0.340136  0.244898  0.108844
 0.000000  0.231293  0.244898  0.523810
 0.000000  0.000000  0.000000  1.000000
 0.000000  0.000000  1.000000  0.000000
 1.000000  0.000000  0.000000  0.000000
 0.000000  0.476190  0.000000  0.523810
 0.244898  0.061224  0.122449  0.571429
 0.000000  0.000000  0.891156  0.108844
 0.816327  0.183673  0.000000  0.000000
 0.122449  0.183673  0.108844  0.585034
 0.231293  0.000000  0.489796  0.278912

