MEME version 4

ALPHABET= ACGT

strands: + -

Background letter frequencies (from
A 0.29182 C 0.20818 G 0.20818 T 0.29182

MOTIF PLAG1_f1
letter-probability matrix: alength= 4 w= 17 nsites= 25 E= 0
 0.220000  0.020000  0.660000  0.100000
 0.200000  0.000000  0.800000  0.000000
 0.400000  0.000000  0.600000  0.000000
 0.000000  0.000000  1.000000  0.000000
 0.000000  0.320000  0.680000  0.000000
 0.040000  0.560000  0.280000  0.120000
 0.520000  0.360000  0.080000  0.040000
 0.200000  0.320000  0.120000  0.360000
 0.200000  0.320000  0.240000  0.240000
 0.440000  0.080000  0.200000  0.280000
 0.320000  0.240000  0.440000  0.000000
 0.160000  0.080000  0.480000  0.280000
 0.680000  0.160000  0.120000  0.040000
 0.080000  0.000000  0.800000  0.120000
 0.040000  0.000000  0.960000  0.000000
 0.000000  0.000000  1.000000  0.000000
 0.080000  0.040000  0.680000  0.200000

