MEME version 4

ALPHABET= ACGT

strands: + -

Background letter frequencies (from
A 0.29182 C 0.20818 G 0.20818 T 0.29182

MOTIF PO4F2_si
letter-probability matrix: alength= 4 w= 13 nsites= 27 E= 0
 0.084373  0.309368  0.028124  0.578135
 0.514062  0.140622  0.224995  0.120322
 0.000000  0.196870  0.000000  0.803130
 0.000000  0.000000  0.000000  1.000000
 1.000000  0.000000  0.000000  0.000000
 1.000000  0.000000  0.000000  0.000000
 0.000000  0.000000  0.000000  1.000000
 0.000000  0.000000  0.739057  0.260943
 0.851554  0.000000  0.092197  0.056249
 0.000000  0.106259  0.674984  0.218757
 0.120322  0.449989  0.056249  0.373441
 0.148446  0.168746  0.148446  0.534362
 0.084373  0.084373  0.421865  0.409389

