MEME version 4

ALPHABET= ACGT

strands: + -

Background letter frequencies (from
A 0.29182 C 0.20818 G 0.20818 T 0.29182

MOTIF PO5F1_do
letter-probability matrix: alength= 4 w= 16 nsites= 1320 E= 0
 0.652427  0.116294  0.094208  0.137070
 0.042222  0.063556  0.064166  0.830055
 0.096412  0.206798  0.059489  0.637301
 0.181581  0.016711  0.008878  0.792831
 0.148894  0.077582  0.766082  0.007441
 0.061462  0.901092  0.032224  0.005222
 0.965529  0.005744  0.002611  0.026116
 0.088710  0.012533  0.016189  0.882569
 0.431260  0.108543  0.246300  0.213898
 0.607573  0.050143  0.049180  0.293104
 0.066572  0.585445  0.221387  0.126596
 0.855004  0.082361  0.027483  0.035152
 0.898173  0.029669  0.066152  0.006005
 0.493237  0.032252  0.059852  0.414659
 0.270616  0.059509  0.575326  0.094549
 0.258848  0.149163  0.460883  0.131106

