MEME version 4

ALPHABET= ACGT

strands: + -

Background letter frequencies (from
A 0.29182 C 0.20818 G 0.20818 T 0.29182

MOTIF PO6F1_f1
letter-probability matrix: alength= 4 w= 13 nsites= 14 E= 0
 0.000000  0.357143  0.142857  0.500000
 0.142857  0.000000  0.857143  0.000000
 0.000000  1.000000  0.000000  0.000000
 1.000000  0.000000  0.000000  0.000000
 0.071429  0.000000  0.000000  0.928571
 1.000000  0.000000  0.000000  0.000000
 0.857143  0.000000  0.142857  0.000000
 0.642857  0.000000  0.000000  0.357143
 0.000000  0.000000  0.000000  1.000000
 0.142857  0.000000  0.000000  0.857143
 1.000000  0.000000  0.000000  0.000000
 0.000000  0.000000  0.071429  0.928571
 0.142857  0.214286  0.500000  0.142857

