MEME version 4

ALPHABET= ACGT

strands: + -

Background letter frequencies (from
A 0.29182 C 0.20818 G 0.20818 T 0.29182

MOTIF PPARA_f2
letter-probability matrix: alength= 4 w= 13 nsites= 111 E= 0
 0.567976  0.043303  0.322256  0.066465
 0.072508  0.000000  0.894260  0.033233
 0.080564  0.025176  0.824773  0.069486
 0.147029  0.179255  0.169184  0.504532
 0.080564  0.702920  0.108761  0.107754
 0.874119  0.042296  0.055388  0.028197
 0.530715  0.099698  0.272910  0.096677
 0.786506  0.033233  0.135952  0.044310
 0.025176  0.000000  0.974824  0.000000
 0.044310  0.018127  0.865055  0.072508
 0.073515  0.045317  0.101712  0.779456
 0.010070  0.778449  0.105740  0.105740
 0.699899  0.034240  0.144008  0.121853

