MEME version 4

ALPHABET= ACGT

strands: + -

Background letter frequencies (from
A 0.29182 C 0.20818 G 0.20818 T 0.29182

MOTIF PPARD_f1
letter-probability matrix: alength= 4 w= 14 nsites= 18 E= 0
 0.083851  0.363354  0.083851  0.468944
 0.732919  0.000000  0.204969  0.062112
 0.000000  0.062112  0.937888  0.000000
 0.055901  0.062112  0.770186  0.111801
 0.341615  0.242236  0.242236  0.173913
 0.173913  0.372671  0.242236  0.211180
 0.763975  0.180124  0.000000  0.055901
 0.559006  0.217391  0.167702  0.055901
 0.881988  0.000000  0.062112  0.055901
 0.000000  0.000000  0.962733  0.037267
 0.062112  0.000000  0.881988  0.055901
 0.149068  0.043478  0.062112  0.745342
 0.093168  0.726708  0.062112  0.118012
 0.736025  0.009317  0.195652  0.059006

