MEME version 4

ALPHABET= ACGT

strands: + -

Background letter frequencies (from
A 0.29182 C 0.20818 G 0.20818 T 0.29182

MOTIF PPARG_f1
letter-probability matrix: alength= 4 w= 18 nsites= 972 E= 0
 0.520980  0.195923  0.139138  0.143960
 0.510910  0.090381  0.122511  0.276198
 0.160876  0.304242  0.392582  0.142300
 0.102252  0.117380  0.185567  0.594802
 0.591860  0.018354  0.353287  0.036500
 0.072639  0.000412  0.870672  0.056277
 0.078059  0.006873  0.883330  0.031737
 0.101021  0.091004  0.246053  0.561922
 0.051762  0.740075  0.163839  0.044324
 0.973807  0.014646  0.007973  0.003574
 0.558335  0.123329  0.214690  0.103646
 0.648079  0.089426  0.209737  0.052758
 0.063901  0.005436  0.902587  0.028077
 0.037502  0.009199  0.602242  0.351057
 0.032048  0.099162  0.393568  0.475222
 0.264487  0.545844  0.109622  0.080047
 0.564223  0.324086  0.052034  0.059658
 0.165744  0.479944  0.199508  0.154804

