MEME version 4

ALPHABET= ACGT

strands: + -

Background letter frequencies (from
A 0.29182 C 0.20818 G 0.20818 T 0.29182

MOTIF PRDM1_f1
letter-probability matrix: alength= 4 w= 14 nsites= 1026 E= 0
 0.325722  0.062656  0.541766  0.069856
 0.729927  0.025826  0.204807  0.039440
 0.858563  0.062663  0.059721  0.019053
 0.988306  0.004418  0.005948  0.001329
 0.006724  0.002351  0.978427  0.012497
 0.028975  0.064079  0.264080  0.642866
 0.009465  0.002566  0.983275  0.004694
 0.994267  0.003435  0.001369  0.000929
 0.982235  0.003494  0.013516  0.000754
 0.987876  0.006539  0.003565  0.002020
 0.004021  0.024615  0.898737  0.072627
 0.035074  0.054743  0.202087  0.708096
 0.307563  0.049921  0.540699  0.101817
 0.383263  0.269382  0.204342  0.143013

