MEME version 4

ALPHABET= ACGT

strands: + -

Background letter frequencies (from
A 0.29182 C 0.20818 G 0.20818 T 0.29182

MOTIF PRGR_do
letter-probability matrix: alength= 4 w= 13 nsites= 25 E= 0
 0.471616  0.000000  0.358079  0.170306
 0.000000  0.043668  0.956332  0.000000
 0.689956  0.000000  0.310044  0.000000
 0.851528  0.000000  0.000000  0.148472
 0.043668  0.930131  0.026201  0.000000
 0.834061  0.078603  0.043668  0.043668
 0.184498  0.193231  0.319869  0.302402
 0.136463  0.367904  0.088428  0.407205
 0.097162  0.498908  0.180131  0.223799
 0.240175  0.000000  0.000000  0.759825
 0.000000  0.000000  0.825328  0.174672
 0.000000  0.174672  0.157205  0.668122
 0.402838  0.241266  0.009825  0.346070

