MEME version 4

ALPHABET= ACGT

strands: + -

Background letter frequencies (from
A 0.29182 C 0.20818 G 0.20818 T 0.29182

MOTIF PROP1_f1
letter-probability matrix: alength= 4 w= 15 nsites= 9 E= 0
 0.252809  0.140449  0.466292  0.140449
 0.775281  0.000000  0.000000  0.224719
 0.000000  0.337079  0.662921  0.000000
 0.337079  0.213483  0.112360  0.337079
 0.775281  0.112360  0.000000  0.112360
 0.775281  0.000000  0.112360  0.112360
 0.224719  0.000000  0.112360  0.662921
 0.000000  0.112360  0.000000  0.887640
 0.662921  0.112360  0.112360  0.112360
 0.887640  0.112360  0.000000  0.000000
 0.224719  0.224719  0.112360  0.438202
 0.674157  0.000000  0.000000  0.325843
 0.213483  0.000000  0.000000  0.786517
 0.438202  0.224719  0.337079  0.000000
 0.393258  0.056180  0.382022  0.168539

