MEME version 4

ALPHABET= ACGT

strands: + -

Background letter frequencies (from
A 0.29182 C 0.20818 G 0.20818 T 0.29182

MOTIF PTF1A_f1
letter-probability matrix: alength= 4 w= 21 nsites= 10 E= 0
 0.209184  0.464286  0.117347  0.209184
 0.438776  0.000000  0.377551  0.183673
 0.183673  0.102041  0.714286  0.000000
 0.000000  0.183673  0.816327  0.000000
 0.561224  0.000000  0.438776  0.000000
 0.714286  0.102041  0.183673  0.000000
 0.897959  0.000000  0.000000  0.102041
 0.265306  0.367347  0.173469  0.193878
 0.367347  0.173469  0.091837  0.367347
 0.091837  0.357143  0.448980  0.102041
 0.459184  0.275510  0.091837  0.173469
 0.632653  0.193878  0.173469  0.000000
 0.102041  0.897959  0.000000  0.000000
 0.816327  0.000000  0.000000  0.183673
 0.000000  0.275510  0.551020  0.173469
 0.193878  0.530612  0.275510  0.000000
 0.183673  0.000000  0.000000  0.816327
 0.000000  0.000000  1.000000  0.000000
 0.173469  0.367347  0.000000  0.459184
 0.000000  0.520408  0.479592  0.000000
 0.252551  0.528061  0.068878  0.150510

