MEME version 4

ALPHABET= ACGT

strands: + -

Background letter frequencies (from
A 0.29182 C 0.20818 G 0.20818 T 0.29182

MOTIF PURA_f1
letter-probability matrix: alength= 4 w= 17 nsites= 13 E= 0
 0.159091  0.088384  0.664141  0.088384
 0.151515  0.060606  0.787879  0.000000
 0.515152  0.000000  0.151515  0.333333
 0.424242  0.191919  0.303030  0.080808
 0.070707  0.000000  0.515152  0.414141
 0.070707  0.141414  0.464646  0.323232
 0.000000  0.151515  0.626263  0.222222
 0.090909  0.000000  0.767677  0.141414
 0.212121  0.151515  0.323232  0.313131
 0.171717  0.000000  0.585859  0.242424
 0.000000  0.000000  0.808081  0.191919
 0.070707  0.222222  0.606061  0.101010
 0.161616  0.686869  0.151515  0.000000
 0.434343  0.232323  0.333333  0.000000
 0.070707  0.000000  0.525253  0.404040
 0.313131  0.000000  0.686869  0.000000
 0.035354  0.106061  0.732323  0.126263

