MEME version 4

ALPHABET= ACGT

strands: + -

Background letter frequencies (from
A 0.29182 C 0.20818 G 0.20818 T 0.29182

MOTIF RARA_f2
letter-probability matrix: alength= 4 w= 17 nsites= 121 E= 0
 0.560172  0.016286  0.385079  0.038463
 0.000000  0.003465  0.984060  0.012474
 0.048962  0.029107  0.641360  0.280571
 0.047126  0.006930  0.082227  0.863717
 0.006237  0.733705  0.181538  0.078520
 0.877577  0.000000  0.109948  0.012474
 0.227035  0.305312  0.215011  0.252642
 0.173429  0.381302  0.328390  0.116879
 0.277383  0.190305  0.398593  0.133719
 0.443154  0.100939  0.319866  0.136041
 0.246197  0.250113  0.431616  0.072075
 0.593264  0.131640  0.180152  0.094945
 0.072525  0.112028  0.775494  0.039953
 0.099796  0.054506  0.604595  0.241103
 0.139506  0.109255  0.145501  0.605738
 0.098340  0.696005  0.133892  0.071763
 0.725007  0.083510  0.114453  0.077030

