MEME version 4

ALPHABET= ACGT

strands: + -

Background letter frequencies (from
A 0.29182 C 0.20818 G 0.20818 T 0.29182

MOTIF RARG_do
letter-probability matrix: alength= 4 w= 20 nsites= 24 E= 0
 0.206278  0.103139  0.515695  0.174888
 0.210762  0.152466  0.470852  0.165919
 0.327354  0.040359  0.470852  0.161435
 0.000000  0.040359  0.771300  0.188341
 0.044843  0.192825  0.434978  0.327354
 0.228700  0.080717  0.206278  0.484305
 0.112108  0.542601  0.197309  0.147982
 0.529148  0.125561  0.300448  0.044843
 0.219731  0.336323  0.327354  0.116592
 0.170404  0.636771  0.112108  0.080717
 0.233184  0.313901  0.291480  0.161435
 0.493274  0.130045  0.269058  0.107623
 0.363229  0.246637  0.390135  0.000000
 0.838565  0.000000  0.125561  0.035874
 0.000000  0.000000  1.000000  0.000000
 0.000000  0.000000  0.704036  0.295964
 0.183857  0.000000  0.000000  0.816143
 0.085202  0.847534  0.067265  0.000000
 0.955157  0.044843  0.000000  0.000000
 0.283632  0.341928  0.323991  0.050448

