MEME version 4

ALPHABET= ACGT

strands: + -

Background letter frequencies (from
A 0.29182 C 0.20818 G 0.20818 T 0.29182

MOTIF REL_do
letter-probability matrix: alength= 4 w= 12 nsites= 74 E= 0
 0.251853  0.095833  0.310985  0.341329
 0.028417  0.143394  0.534335  0.293855
 0.000000  0.024883  0.963997  0.011120
 0.009884  0.032123  0.861277  0.096716
 0.342311  0.055771  0.556031  0.045887
 0.312350  0.292928  0.219514  0.175208
 0.310188  0.048358  0.021004  0.620450
 0.028417  0.000000  0.000000  0.971583
 0.000000  0.094072  0.028417  0.877511
 0.029652  0.741086  0.009884  0.219378
 0.000000  0.908399  0.000000  0.091601
 0.320066  0.382904  0.185049  0.111981

