MEME version 4

ALPHABET= ACGT

strands: + -

Background letter frequencies (from
A 0.29182 C 0.20818 G 0.20818 T 0.29182

MOTIF REST_f1
letter-probability matrix: alength= 4 w= 22 nsites= 8492 E= 0
 0.198132  0.143097  0.384344  0.274426
 0.141824  0.030675  0.705636  0.121864
 0.092502  0.204673  0.593852  0.108973
 0.289885  0.459251  0.025226  0.225638
 0.128228  0.120944  0.624623  0.126205
 0.017850  0.917344  0.032585  0.032220
 0.017550  0.017201  0.008158  0.957090
 0.040115  0.136259  0.806353  0.017273
 0.035137  0.032961  0.077553  0.854350
 0.006056  0.959954  0.007035  0.026955
 0.005915  0.956199  0.005916  0.031970
 0.492308  0.092605  0.269215  0.145872
 0.197730  0.136369  0.122186  0.543715
 0.044116  0.016587  0.920627  0.018670
 0.010211  0.018357  0.965884  0.005548
 0.012074  0.011565  0.010175  0.966186
 0.090901  0.158863  0.670624  0.079612
 0.007524  0.950150  0.021990  0.020337
 0.020056  0.050348  0.020355  0.909241
 0.062219  0.029488  0.865451  0.042842
 0.706071  0.098689  0.163991  0.031248
 0.549639  0.222175  0.098056  0.130130

