MEME version 4

ALPHABET= ACGT

strands: + -

Background letter frequencies (from
A 0.29182 C 0.20818 G 0.20818 T 0.29182

MOTIF RFX1_f1
letter-probability matrix: alength= 4 w= 12 nsites= 24 E= 0
 0.029940  0.029940  0.940120  0.000000
 0.071856  0.000000  0.000000  0.928144
 0.000000  0.000000  0.077844  0.922156
 0.119760  0.041916  0.808383  0.029940
 0.029940  0.970060  0.000000  0.000000
 0.000000  0.416168  0.167665  0.416168
 0.615269  0.085329  0.139222  0.160180
 0.067365  0.193114  0.516467  0.223054
 0.130240  0.037425  0.824850  0.007485
 0.000000  0.320359  0.497006  0.182635
 0.564371  0.112275  0.270958  0.052395
 0.663174  0.106287  0.208084  0.022455

