MEME version 4

ALPHABET= ACGT

strands: + -

Background letter frequencies (from
A 0.29182 C 0.20818 G 0.20818 T 0.29182

MOTIF RFX2_f1
letter-probability matrix: alength= 4 w= 13 nsites= 13 E= 0
 0.213542  0.119792  0.276042  0.390625
 0.000000  0.052083  0.947917  0.000000
 0.072917  0.000000  0.000000  0.927083
 0.000000  0.000000  0.052083  0.947917
 0.000000  0.072917  0.875000  0.052083
 0.000000  1.000000  0.000000  0.000000
 0.000000  0.416667  0.083333  0.500000
 0.531250  0.312500  0.052083  0.104167
 0.187500  0.000000  0.677083  0.135417
 0.000000  0.052083  0.947917  0.000000
 0.000000  0.427083  0.468750  0.104167
 0.677083  0.000000  0.322917  0.000000
 0.598958  0.161458  0.213542  0.026042

