MEME version 4

ALPHABET= ACGT

strands: + -

Background letter frequencies (from
A 0.29182 C 0.20818 G 0.20818 T 0.29182

MOTIF RFX3_f1
letter-probability matrix: alength= 4 w= 14 nsites= 655 E= 0
 0.112355  0.303491  0.351304  0.232851
 0.000000  0.000000  1.000000  0.000000
 0.000000  0.000000  0.000000  1.000000
 0.069989  0.008936  0.000000  0.921074
 0.333144  0.004468  0.610573  0.051815
 0.000000  0.891839  0.000000  0.108161
 0.000000  0.789947  0.000000  0.210053
 0.998643  0.000000  0.000679  0.000679
 0.006785  0.000000  0.055131  0.938083
 0.105345  0.000000  0.894655  0.000000
 0.067506  0.001357  0.931136  0.000000
 0.120432  0.279205  0.073004  0.527359
 0.586917  0.000679  0.300752  0.111652
 0.555468  0.146914  0.146914  0.150704

