MEME version 4

ALPHABET= ACGT

strands: + -

Background letter frequencies (from
A 0.29182 C 0.20818 G 0.20818 T 0.29182

MOTIF RORA_f1
letter-probability matrix: alength= 4 w= 12 nsites= 114 E= 0
 0.452213  0.078898  0.211475  0.257415
 0.452595  0.019704  0.104567  0.423134
 0.914689  0.009767  0.038261  0.037284
 0.591041  0.000000  0.000000  0.408959
 0.072305  0.405361  0.299521  0.222812
 0.085896  0.030691  0.050395  0.833017
 0.801950  0.000000  0.198050  0.000000
 0.000000  0.000000  1.000000  0.000000
 0.000000  0.000000  1.000000  0.000000
 0.000000  0.000000  0.000000  1.000000
 0.000000  0.993163  0.000000  0.006837
 1.000000  0.000000  0.000000  0.000000

