MEME version 4

ALPHABET= ACGT

strands: + -

Background letter frequencies (from
A 0.29182 C 0.20818 G 0.20818 T 0.29182

MOTIF RORG_f1
letter-probability matrix: alength= 4 w= 13 nsites= 7 E= 0
 0.352459  0.040984  0.303279  0.303279
 0.540984  0.000000  0.000000  0.459016
 1.000000  0.000000  0.000000  0.000000
 0.540984  0.000000  0.147541  0.311475
 0.147541  0.147541  0.704918  0.000000
 0.147541  0.147541  0.000000  0.704918
 0.573770  0.000000  0.426230  0.000000
 0.000000  0.000000  1.000000  0.000000
 0.000000  0.000000  1.000000  0.000000
 0.000000  0.000000  0.000000  1.000000
 0.000000  0.885246  0.000000  0.114754
 1.000000  0.000000  0.000000  0.000000
 0.188525  0.040984  0.729508  0.040984

