MEME version 4

ALPHABET= ACGT

strands: + -

Background letter frequencies (from
A 0.29182 C 0.20818 G 0.20818 T 0.29182

MOTIF RREB1_si
letter-probability matrix: alength= 4 w= 22 nsites= 26 E= 0
 0.262406  0.118797  0.388597  0.230200
 0.079198  0.158396  0.413408  0.348998
 0.000000  0.269800  0.618797  0.111403
 0.079198  0.000000  0.571804  0.348998
 0.079198  0.111403  0.460401  0.348998
 0.158396  0.032205  0.428196  0.381203
 0.000000  0.032205  0.777193  0.190601
 0.000000  0.143608  0.507394  0.348998
 0.000000  0.032205  0.665790  0.302005
 0.000000  0.032205  0.888597  0.079198
 0.000000  0.096615  0.586592  0.316793
 0.000000  0.000000  0.064410  0.935590
 0.032205  0.000000  0.935590  0.032205
 0.079198  0.096615  0.475189  0.348998
 0.000000  0.032205  0.237594  0.730200
 0.064410  0.032205  0.158396  0.744988
 0.000000  0.032205  0.316793  0.651002
 0.000000  0.064410  0.935590  0.000000
 0.064410  0.000000  0.665790  0.269800
 0.000000  0.032205  0.856392  0.111403
 0.000000  0.000000  0.665790  0.334210
 0.151002  0.136214  0.197995  0.514788

