MEME version 4

ALPHABET= ACGT

strands: + -

Background letter frequencies (from
A 0.29182 C 0.20818 G 0.20818 T 0.29182

MOTIF RUNX3_si
letter-probability matrix: alength= 4 w= 14 nsites= 218 E= 0
 0.100091  0.198067  0.345962  0.355880
 0.021103  0.074803  0.690500  0.213594
 0.008021  0.171410  0.557998  0.262571
 0.005347  0.026450  0.659204  0.308999
 0.025464  0.027150  0.474500  0.472886
 0.080021  0.022721  0.082025  0.815233
 0.052170  0.078433  0.063114  0.806282
 0.036828  0.008721  0.013881  0.940569
 0.003374  0.002674  0.985231  0.008721
 0.008721  0.385199  0.046658  0.559422
 0.000000  0.000000  1.000000  0.000000
 0.000000  0.000000  0.997326  0.002674
 0.005347  0.017442  0.041318  0.935892
 0.130505  0.153769  0.160421  0.555306

