MEME version 4

ALPHABET= ACGT

strands: + -

Background letter frequencies (from
A 0.29182 C 0.20818 G 0.20818 T 0.29182

MOTIF RXRA_f1
letter-probability matrix: alength= 4 w= 13 nsites= 2753 E= 0
 0.563932  0.013149  0.395610  0.027310
 0.041894  0.001059  0.935678  0.021369
 0.049915  0.004496  0.853902  0.091687
 0.054691  0.056473  0.205476  0.683360
 0.026191  0.833695  0.119665  0.020450
 0.978077  0.002127  0.015381  0.004416
 0.543615  0.107184  0.250282  0.098919
 0.668904  0.074304  0.204892  0.051899
 0.123270  0.010140  0.837819  0.028772
 0.166504  0.022464  0.705222  0.105810
 0.057529  0.111934  0.358013  0.472524
 0.160262  0.527468  0.115817  0.196453
 0.591770  0.076648  0.150295  0.181287

