MEME version 4

ALPHABET= ACGT

strands: + -

Background letter frequencies (from
A 0.29182 C 0.20818 G 0.20818 T 0.29182

MOTIF SMAD1_si
letter-probability matrix: alength= 4 w= 12 nsites= 12 E= 0
 0.439086  0.022843  0.332487  0.205584
 0.000000  0.482234  0.517766  0.000000
 0.081218  0.736041  0.000000  0.182741
 0.162437  0.746193  0.091371  0.000000
 0.081218  0.081218  0.000000  0.837563
 0.081218  0.263959  0.609137  0.045685
 0.000000  0.045685  0.000000  0.954315
 0.000000  0.817259  0.182741  0.000000
 0.091371  0.000000  0.000000  0.908629
 0.000000  0.000000  0.908629  0.091371
 0.091371  0.644670  0.081218  0.182741
 0.263959  0.553299  0.000000  0.182741

