MEME version 4

ALPHABET= ACGT

strands: + -

Background letter frequencies (from
A 0.29182 C 0.20818 G 0.20818 T 0.29182

MOTIF SOX18_f1
letter-probability matrix: alength= 4 w= 19 nsites= 8 E= 0
 0.065068  0.065068  0.804795  0.065068
 0.246575  0.123288  0.630137  0.000000
 0.630137  0.123288  0.246575  0.000000
 0.383562  0.369863  0.123288  0.123288
 0.383562  0.123288  0.369863  0.123288
 0.630137  0.000000  0.123288  0.246575
 0.260274  0.246575  0.369863  0.123288
 0.616438  0.000000  0.260274  0.123288
 0.753425  0.000000  0.000000  0.246575
 0.000000  1.000000  0.000000  0.000000
 1.000000  0.000000  0.000000  0.000000
 1.000000  0.000000  0.000000  0.000000
 0.369863  0.000000  0.000000  0.630137
 0.000000  0.123288  0.493151  0.383562
 0.123288  0.246575  0.383562  0.246575
 0.246575  0.123288  0.369863  0.260274
 0.369863  0.123288  0.000000  0.506849
 0.246575  0.000000  0.369863  0.383562
 0.030822  0.537671  0.277397  0.154110

