MEME version 4

ALPHABET= ACGT

strands: + -

Background letter frequencies (from
A 0.29182 C 0.20818 G 0.20818 T 0.29182

MOTIF SOX17_f2
letter-probability matrix: alength= 4 w= 18 nsites= 57 E= 0
 0.154721  0.281759  0.406985  0.156535
 0.085300  0.206896  0.707804  0.000000
 1.000000  0.000000  0.000000  0.000000
 0.000000  1.000000  0.000000  0.000000
 1.000000  0.000000  0.000000  0.000000
 1.000000  0.000000  0.000000  0.000000
 0.000000  0.000000  0.000000  1.000000
 0.190563  0.034483  0.705989  0.068965
 0.379310  0.000000  0.362977  0.257713
 0.328494  0.103448  0.310345  0.257713
 0.223231  0.275862  0.294011  0.206896
 0.638838  0.103448  0.000000  0.257713
 0.206896  0.052632  0.000000  0.740472
 0.000000  0.000000  0.154265  0.845735
 0.000000  0.000000  0.620690  0.379310
 0.034483  0.000000  0.310345  0.655173
 0.000000  0.050817  0.156080  0.793103
 0.079856  0.079856  0.691467  0.148821

