MEME version 4

ALPHABET= ACGT

strands: + -

Background letter frequencies (from
A 0.29182 C 0.20818 G 0.20818 T 0.29182

MOTIF SOX2_f1
letter-probability matrix: alength= 4 w= 16 nsites= 634 E= 0
 0.414287  0.163015  0.173859  0.248839
 0.111862  0.095410  0.100892  0.691836
 0.147780  0.208631  0.090881  0.552708
 0.217404  0.054695  0.062371  0.665530
 0.152424  0.156278  0.629882  0.061416
 0.171761  0.635085  0.130367  0.062787
 0.887598  0.044964  0.042491  0.024946
 0.153120  0.042491  0.162710  0.641679
 0.488002  0.113913  0.286360  0.111725
 0.846880  0.056076  0.003564  0.093480
 0.020834  0.786291  0.105273  0.087602
 0.979166  0.006579  0.000000  0.014255
 0.983552  0.005483  0.008772  0.002193
 0.462228  0.003290  0.005483  0.529000
 0.253185  0.023027  0.704050  0.019738
 0.136286  0.114766  0.670769  0.078179

