MEME version 4

ALPHABET= ACGT

strands: + -

Background letter frequencies (from
A 0.29182 C 0.20818 G 0.20818 T 0.29182

MOTIF SOX4_f1
letter-probability matrix: alength= 4 w= 12 nsites= 8 E= 0
 0.154110  0.154110  0.537671  0.154110
 0.753425  0.246575  0.000000  0.000000
 0.246575  0.000000  0.630137  0.123288
 0.876712  0.000000  0.123288  0.000000
 0.876712  0.000000  0.123288  0.000000
 0.000000  1.000000  0.000000  0.000000
 0.876712  0.000000  0.123288  0.000000
 0.876712  0.000000  0.123288  0.000000
 0.753425  0.000000  0.123288  0.123288
 0.123288  0.000000  0.876712  0.000000
 0.123288  0.506849  0.369863  0.000000
 0.030822  0.030822  0.784247  0.154110

