MEME version 4

ALPHABET= ACGT

strands: + -

Background letter frequencies (from
A 0.29182 C 0.20818 G 0.20818 T 0.29182

MOTIF SP1_f2
letter-probability matrix: alength= 4 w= 19 nsites= 2933 E= 0
 0.181472  0.189032  0.531391  0.098105
 0.219903  0.174067  0.470637  0.135393
 0.164294  0.140469  0.593856  0.101381
 0.259823  0.199952  0.444653  0.095573
 0.358169  0.177805  0.318888  0.145138
 0.213268  0.126057  0.582908  0.077767
 0.107829  0.021798  0.729761  0.140612
 0.162127  0.004773  0.826839  0.006261
 0.003030  0.004611  0.988480  0.003879
 0.006550  0.011550  0.980940  0.000959
 0.182834  0.647583  0.021219  0.148365
 0.017382  0.009671  0.939936  0.033012
 0.014935  0.014834  0.929080  0.041151
 0.164367  0.050092  0.744770  0.040771
 0.084765  0.070491  0.798307  0.046437
 0.147300  0.548945  0.191358  0.112397
 0.095185  0.432671  0.261796  0.210348
 0.269347  0.156968  0.371349  0.202336
 0.206948  0.225022  0.474494  0.093536

