MEME version 4

ALPHABET= ACGT

strands: + -

Background letter frequencies (from
A 0.29182 C 0.20818 G 0.20818 T 0.29182

MOTIF SP2_si
letter-probability matrix: alength= 4 w= 17 nsites= 31 E= 0
 0.231685  0.162088  0.407509  0.198718
 0.410256  0.117216  0.311355  0.161172
 0.219780  0.029304  0.556777  0.194139
 0.058608  0.029304  0.494505  0.417582
 0.190476  0.124542  0.589744  0.095238
 0.223443  0.098901  0.677656  0.000000
 0.000000  0.000000  1.000000  0.000000
 0.000000  0.131868  0.868132  0.000000
 0.091575  0.619048  0.289377  0.000000
 0.065934  0.065934  0.868132  0.000000
 0.000000  0.124542  0.721612  0.153846
 0.443223  0.000000  0.494505  0.062271
 0.362637  0.164835  0.472527  0.000000
 0.157509  0.439560  0.205128  0.197802
 0.095238  0.205128  0.208791  0.490842
 0.641026  0.058608  0.234432  0.065934
 0.527473  0.153846  0.186813  0.131868

