MEME version 4

ALPHABET= ACGT

strands: + -

Background letter frequencies (from
A 0.29182 C 0.20818 G 0.20818 T 0.29182

MOTIF SP4_f1
letter-probability matrix: alength= 4 w= 24 nsites= 23 E= 0
 0.214481  0.165301  0.586066  0.034153
 0.043716  0.300546  0.612022  0.043716
 0.256831  0.000000  0.562842  0.180328
 0.163934  0.131148  0.480874  0.224044
 0.087432  0.617486  0.295082  0.000000
 0.043716  0.704918  0.207650  0.043716
 0.535519  0.125683  0.338798  0.000000
 0.043716  0.174863  0.601093  0.180328
 0.000000  0.087432  0.748634  0.163934
 0.000000  0.087432  0.781421  0.131148
 0.043716  0.169399  0.743169  0.043716
 0.087432  0.311475  0.601093  0.000000
 0.000000  0.049180  0.950820  0.000000
 0.043716  0.087432  0.819672  0.049180
 0.043716  0.218579  0.693989  0.043716
 0.000000  0.043716  0.956284  0.000000
 0.076503  0.480874  0.442623  0.000000
 0.000000  0.043716  0.863388  0.092896
 0.092896  0.262295  0.644809  0.000000
 0.169399  0.306011  0.480874  0.043716
 0.000000  0.360656  0.639344  0.000000
 0.131148  0.464481  0.267760  0.136612
 0.000000  0.606557  0.349727  0.043716
 0.236339  0.219945  0.487705  0.056011

