MEME version 4

ALPHABET= ACGT

strands: + -

Background letter frequencies (from
A 0.29182 C 0.20818 G 0.20818 T 0.29182

MOTIF SPI1_si
letter-probability matrix: alength= 4 w= 17 nsites= 3284 E= 0
 0.365920  0.186628  0.300348  0.147104
 0.490971  0.101623  0.349688  0.057717
 0.679359  0.038236  0.154538  0.127867
 0.762585  0.018992  0.119290  0.099133
 0.651906  0.004551  0.146481  0.197062
 0.108062  0.095747  0.786698  0.009493
 0.695925  0.092545  0.210282  0.001247
 0.123669  0.000000  0.875400  0.000931
 0.004773  0.001390  0.993528  0.000309
 0.995994  0.000000  0.003080  0.000926
 0.981091  0.000000  0.012245  0.006664
 0.078197  0.187713  0.731599  0.002492
 0.061051  0.049019  0.055686  0.834244
 0.106409  0.044833  0.802581  0.046177
 0.554690  0.090416  0.298176  0.056718
 0.445608  0.131923  0.327610  0.094859
 0.559793  0.125192  0.183679  0.131336

