MEME version 4

ALPHABET= ACGT

strands: + -

Background letter frequencies (from
A 0.29182 C 0.20818 G 0.20818 T 0.29182

MOTIF SPIB_f1
letter-probability matrix: alength= 4 w= 12 nsites= 82 E= 0
 0.463325  0.195242  0.207935  0.133498
 0.523709  0.109942  0.293235  0.073114
 0.853773  0.000000  0.073114  0.073114
 0.926886  0.000000  0.000000  0.073114
 0.718679  0.000000  0.000000  0.281321
 0.121856  0.330063  0.523709  0.024371
 0.501206  0.304368  0.170055  0.024371
 0.060112  0.000000  0.939888  0.000000
 0.012458  0.000000  0.987542  0.000000
 1.000000  0.000000  0.000000  0.000000
 1.000000  0.000000  0.000000  0.000000
 0.064586  0.320448  0.575294  0.039671

