MEME version 4

ALPHABET= ACGT

strands: + -

Background letter frequencies (from
A 0.29182 C 0.20818 G 0.20818 T 0.29182

MOTIF SPZ1_f1
letter-probability matrix: alength= 4 w= 16 nsites= 11 E= 0
 0.227273  0.500000  0.136364  0.136364
 0.000000  0.181818  0.727273  0.090909
 0.181818  0.090909  0.727273  0.000000
 0.000000  0.636364  0.272727  0.090909
 0.181818  0.000000  0.272727  0.545455
 0.090909  0.000000  0.727273  0.181818
 0.363636  0.000000  0.000000  0.636364
 0.454545  0.000000  0.000000  0.545455
 0.636364  0.272727  0.090909  0.000000
 0.090909  0.818182  0.090909  0.000000
 0.272727  0.545455  0.181818  0.000000
 0.000000  0.454545  0.272727  0.272727
 0.181818  0.272727  0.090909  0.454545
 0.000000  0.181818  0.636364  0.181818
 0.000000  0.090909  0.909091  0.000000
 0.159091  0.159091  0.522727  0.159091

