MEME version 4

ALPHABET= ACGT

strands: + -

Background letter frequencies (from
A 0.29182 C 0.20818 G 0.20818 T 0.29182

MOTIF SRF_do
letter-probability matrix: alength= 4 w= 15 nsites= 2176 E= 0
 0.261513  0.086462  0.286667  0.365359
 0.009809  0.937169  0.033325  0.019696
 0.009757  0.956867  0.002145  0.031230
 0.529125  0.027496  0.007379  0.436000
 0.165426  0.011522  0.029647  0.793405
 0.785897  0.009334  0.056121  0.148649
 0.102999  0.028587  0.025421  0.842994
 0.686466  0.035224  0.026704  0.251607
 0.330049  0.026077  0.058909  0.584966
 0.053511  0.002252  0.937785  0.006452
 0.026163  0.004516  0.952908  0.016413
 0.176573  0.179335  0.495028  0.149064
 0.283693  0.568329  0.081021  0.066957
 0.709653  0.029394  0.122500  0.138453
 0.147028  0.122679  0.206928  0.523366

