MEME version 4

ALPHABET= ACGT

strands: + -

Background letter frequencies (from
A 0.29182 C 0.20818 G 0.20818 T 0.29182

MOTIF STA5A_do
letter-probability matrix: alength= 4 w= 12 nsites= 204 E= 0
 0.582442  0.099606  0.191334  0.126618
 0.465391  0.048396  0.194147  0.292065
 0.005065  0.000000  0.014631  0.980304
 0.086100  0.034890  0.009567  0.869443
 0.034328  0.946539  0.009567  0.009567
 0.045582  0.523917  0.129994  0.300506
 0.146314  0.260551  0.238042  0.355093
 0.405177  0.054024  0.507034  0.033765
 0.039392  0.010129  0.936972  0.013506
 0.931908  0.010129  0.012943  0.045020
 0.934159  0.000000  0.065841  0.000000
 0.536860  0.082724  0.276308  0.104108

