MEME version 4

ALPHABET= ACGT

strands: + -

Background letter frequencies (from
A 0.29182 C 0.20818 G 0.20818 T 0.29182

MOTIF STA5B_f1
letter-probability matrix: alength= 4 w= 13 nsites= 84 E= 0
 0.317031  0.125513  0.196648  0.360807
 0.094391  0.155951  0.023256  0.726402
 0.000000  0.000000  0.000000  1.000000
 0.000000  0.000000  0.000000  1.000000
 0.000000  1.000000  0.000000  0.000000
 0.030096  0.444596  0.043776  0.481532
 0.305062  0.084815  0.309166  0.300958
 0.292750  0.036936  0.662107  0.008208
 0.000000  0.000000  1.000000  0.000000
 1.000000  0.000000  0.000000  0.000000
 1.000000  0.000000  0.000000  0.000000
 0.199726  0.164159  0.067031  0.569083
 0.015390  0.148085  0.026334  0.810192

