MEME version 4

ALPHABET= ACGT

strands: + -

Background letter frequencies (from
A 0.29182 C 0.20818 G 0.20818 T 0.29182

MOTIF STAT1_f2
letter-probability matrix: alength= 4 w= 15 nsites= 4079 E= 0
 0.154151  0.371680  0.325722  0.148447
 0.393766  0.157029  0.250427  0.198777
 0.120662  0.258216  0.120678  0.500445
 0.004955  0.016278  0.011267  0.967500
 0.017127  0.013078  0.060808  0.908987
 0.151883  0.811914  0.012348  0.023856
 0.050724  0.649691  0.039805  0.259780
 0.483867  0.000000  0.516133  0.000000
 0.145913  0.006112  0.833820  0.014156
 0.025217  0.007441  0.904931  0.062411
 0.974502  0.013614  0.008313  0.003570
 0.983401  0.006529  0.006040  0.004030
 0.488667  0.106916  0.228605  0.175813
 0.159578  0.214102  0.201314  0.425006
 0.188757  0.273609  0.407702  0.129932

