MEME version 4

ALPHABET= ACGT

strands: + -

Background letter frequencies (from
A 0.29182 C 0.20818 G 0.20818 T 0.29182

MOTIF STAT4_si
letter-probability matrix: alength= 4 w= 13 nsites= 21 E= 0
 0.103801  0.402047  0.250000  0.244152
 0.198830  0.046784  0.175439  0.578947
 0.146199  0.233918  0.105263  0.514620
 0.000000  0.000000  0.000000  1.000000
 0.000000  0.040936  0.000000  0.959064
 0.105263  0.853801  0.040936  0.000000
 0.000000  0.105263  0.192982  0.701754
 0.035088  0.192982  0.514620  0.257310
 0.093567  0.000000  0.725146  0.181287
 0.087719  0.046784  0.666667  0.198830
 0.953216  0.000000  0.046784  0.000000
 0.959064  0.040936  0.000000  0.000000
 0.526316  0.087719  0.233918  0.152047

