MEME version 4

ALPHABET= ACGT

strands: + -

Background letter frequencies (from
A 0.29182 C 0.20818 G 0.20818 T 0.29182

MOTIF STAT2_f1
letter-probability matrix: alength= 4 w= 15 nsites= 2026 E= 0
 0.236934  0.128374  0.416499  0.218194
 0.275908  0.066758  0.635213  0.022121
 0.618401  0.014037  0.312974  0.054588
 0.964409  0.009962  0.019214  0.006415
 0.928219  0.018342  0.031495  0.021944
 0.375584  0.277375  0.219745  0.127296
 0.221733  0.269865  0.246840  0.261562
 0.142665  0.017757  0.825590  0.013988
 0.856092  0.018119  0.116279  0.009510
 0.897282  0.064731  0.028766  0.009221
 0.872015  0.010466  0.038575  0.078944
 0.018255  0.574412  0.351105  0.056228
 0.132964  0.166105  0.060393  0.640537
 0.231280  0.139377  0.445426  0.183917
 0.562584  0.219335  0.098007  0.120074

