MEME version 4

ALPHABET= ACGT

strands: + -

Background letter frequencies (from
A 0.29182 C 0.20818 G 0.20818 T 0.29182

MOTIF STAT6_do
letter-probability matrix: alength= 4 w= 13 nsites= 103 E= 0
 0.032471  0.031322  0.023276  0.912931
 0.029885  0.010345  0.000000  0.959770
 0.060920  0.928736  0.010345  0.000000
 0.157471  0.420690  0.080460  0.341379
 0.165517  0.418391  0.096552  0.319540
 0.401149  0.202299  0.186207  0.210345
 0.096552  0.071264  0.694253  0.137931
 0.210345  0.010345  0.698851  0.080460
 0.989655  0.000000  0.000000  0.010345
 0.909195  0.009195  0.041379  0.040230
 0.390805  0.064368  0.129885  0.414943
 0.145977  0.249425  0.105747  0.498851
 0.198563  0.236494  0.136494  0.428448

