MEME version 4

ALPHABET= ACGT

strands: + -

Background letter frequencies (from
A 0.29182 C 0.20818 G 0.20818 T 0.29182

MOTIF TAL1_f1
letter-probability matrix: alength= 4 w= 12 nsites= 41 E= 0
 0.142684  0.246928  0.504599  0.105788
 0.736119  0.122742  0.067548  0.073592
 0.662527  0.183980  0.153493  0.000000
 0.000000  1.000000  0.000000  0.000000
 1.000000  0.000000  0.000000  0.000000
 0.000000  0.000000  1.000000  0.000000
 0.981602  0.000000  0.018398  0.000000
 0.000000  0.000000  0.000000  1.000000
 0.000000  0.000000  1.000000  0.000000
 0.000000  0.000000  0.760826  0.239174
 0.000000  0.055194  0.000000  0.944806
 0.128786  0.576747  0.128786  0.165681

