MEME version 4

ALPHABET= ACGT

strands: + -

Background letter frequencies (from
A 0.29182 C 0.20818 G 0.20818 T 0.29182

MOTIF TAL1_f2
letter-probability matrix: alength= 4 w= 25 nsites= 32 E= 0
 0.852828  0.049057  0.073586  0.024529
 0.711333  0.239610  0.049057  0.000000
 0.000000  1.000000  0.000000  0.000000
 1.000000  0.000000  0.000000  0.000000
 0.000000  0.024529  0.809448  0.166024
 0.760390  0.190552  0.049057  0.000000
 0.000000  0.000000  0.000000  1.000000
 0.000000  0.000000  1.000000  0.000000
 0.000000  0.000000  0.515103  0.484897
 0.000000  0.049057  0.000000  0.950943
 0.147172  0.490574  0.147172  0.215081
 0.245287  0.098115  0.435840  0.220758
 0.313196  0.392459  0.171701  0.122644
 0.190552  0.343402  0.245287  0.220758
 0.196230  0.435840  0.147172  0.220758
 0.490574  0.122644  0.337725  0.049057
 0.460368  0.220758  0.171701  0.147172
 0.196230  0.564160  0.215081  0.024529
 0.460368  0.466046  0.024529  0.049057
 0.466046  0.024529  0.098115  0.411311
 0.190552  0.367931  0.122644  0.318873
 0.337725  0.294345  0.000000  0.367931
 0.122644  0.000000  0.460368  0.416988
 0.122644  0.024529  0.681127  0.171701
 0.374518  0.110379  0.306609  0.208494

