MEME version 4

ALPHABET= ACGT

strands: + -

Background letter frequencies (from
A 0.29182 C 0.20818 G 0.20818 T 0.29182

MOTIF TBX2_f1
letter-probability matrix: alength= 4 w= 25 nsites= 8 E= 0
 0.194079  0.194079  0.062500  0.549342
 0.118421  0.131579  0.513158  0.236842
 0.263158  0.486842  0.250000  0.000000
 0.368421  0.381579  0.118421  0.131579
 0.500000  0.236842  0.000000  0.263158
 0.368421  0.131579  0.118421  0.381579
 0.000000  0.881579  0.000000  0.118421
 0.526316  0.236842  0.000000  0.236842
 0.131579  0.250000  0.381579  0.236842
 0.868421  0.000000  0.000000  0.131579
 0.131579  0.000000  0.868421  0.000000
 0.131579  0.000000  0.868421  0.000000
 0.131579  0.000000  0.000000  0.868421
 0.000000  0.000000  0.868421  0.131579
 0.263158  0.000000  0.000000  0.736842
 0.000000  0.131579  0.868421  0.000000
 0.868421  0.131579  0.000000  0.000000
 0.500000  0.000000  0.500000  0.000000
 0.500000  0.236842  0.263158  0.000000
 0.381579  0.250000  0.000000  0.368421
 0.118421  0.000000  0.644737  0.236842
 0.131579  0.486842  0.131579  0.250000
 0.000000  0.368421  0.513158  0.118421
 0.513158  0.368421  0.118421  0.000000
 0.190789  0.440789  0.177632  0.190789

