MEME version 4

ALPHABET= ACGT

strands: + -

Background letter frequencies (from
A 0.29182 C 0.20818 G 0.20818 T 0.29182

MOTIF TBX3_f1
letter-probability matrix: alength= 4 w= 24 nsites= 8 E= 0
 0.652787  0.161574  0.092819  0.092819
 0.247518  0.000000  0.683727  0.068755
 0.000000  0.123759  0.559968  0.316273
 0.436209  0.000000  0.123759  0.440032
 0.538324  0.000000  0.214158  0.247518
 0.000000  0.247518  0.752482  0.000000
 0.538324  0.192514  0.269162  0.000000
 0.192514  0.371277  0.436209  0.000000
 0.683727  0.068755  0.123759  0.123759
 0.436209  0.316273  0.123759  0.123759
 0.068755  0.247518  0.000000  0.683727
 0.000000  0.247518  0.068755  0.683727
 1.000000  0.000000  0.000000  0.000000
 0.000000  0.000000  1.000000  0.000000
 0.145403  0.000000  0.854597  0.000000
 0.000000  0.000000  0.000000  1.000000
 0.000000  0.436209  0.563791  0.000000
 0.504964  0.000000  0.000000  0.495036
 0.000000  0.000000  0.440032  0.559968
 0.785842  0.214158  0.000000  0.000000
 0.752482  0.000000  0.247518  0.000000
 0.516680  0.123759  0.359561  0.000000
 0.559968  0.192514  0.000000  0.247518
 0.569264  0.176343  0.099695  0.154699

