MEME version 4

ALPHABET= ACGT

strands: + -

Background letter frequencies (from
A 0.29182 C 0.20818 G 0.20818 T 0.29182

MOTIF TCF7_f1
letter-probability matrix: alength= 4 w= 12 nsites= 16 E= 0
 0.591603  0.110687  0.179389  0.118321
 0.000000  0.320611  0.557252  0.122137
 0.595420  0.000000  0.106870  0.297710
 0.473282  0.061069  0.053435  0.412214
 0.053435  0.839695  0.053435  0.053435
 0.946565  0.000000  0.000000  0.053435
 1.000000  0.000000  0.000000  0.000000
 0.946565  0.053435  0.000000  0.000000
 0.000000  0.106870  0.839695  0.053435
 0.045802  0.503817  0.328244  0.122137
 0.259542  0.160305  0.389313  0.190840
 0.143130  0.379771  0.211832  0.265267

