MEME version 4

ALPHABET= ACGT

strands: + -

Background letter frequencies (from
A 0.29182 C 0.20818 G 0.20818 T 0.29182

MOTIF TEAD4_f1
letter-probability matrix: alength= 4 w= 12 nsites= 11 E= 0
 0.722772  0.000000  0.099010  0.178218
 0.099010  0.000000  0.811881  0.089109
 0.455446  0.089109  0.455446  0.000000
 0.099010  0.000000  0.811881  0.089109
 0.376238  0.534653  0.000000  0.089109
 0.000000  0.000000  0.000000  1.000000
 0.633663  0.000000  0.366337  0.000000
 0.000000  0.000000  0.267327  0.732673
 0.000000  0.000000  0.000000  1.000000
 0.267327  0.000000  0.099010  0.633663
 0.000000  0.099010  0.000000  0.900990
 0.000000  0.000000  0.000000  1.000000

