MEME version 4

ALPHABET= ACGT

strands: + -

Background letter frequencies (from
A 0.29182 C 0.20818 G 0.20818 T 0.29182

MOTIF TEAD1_f1
letter-probability matrix: alength= 4 w= 14 nsites= 30 E= 0
 0.318826  0.084008  0.335020  0.262146
 0.210526  0.279352  0.477733  0.032389
 0.372470  0.400810  0.109312  0.117409
 0.178138  0.080972  0.396761  0.344130
 0.032389  0.578947  0.364372  0.024291
 0.493927  0.048583  0.000000  0.457490
 0.113360  0.072874  0.769231  0.044534
 0.210526  0.068826  0.720648  0.000000
 0.781377  0.036437  0.000000  0.182186
 1.000000  0.000000  0.000000  0.000000
 0.000000  0.093117  0.000000  0.906883
 0.170040  0.000000  0.623482  0.206478
 0.024291  0.198381  0.060729  0.716599
 0.277328  0.204453  0.463563  0.054656

