MEME version 4

ALPHABET= ACGT

strands: + -

Background letter frequencies (from
A 0.29182 C 0.20818 G 0.20818 T 0.29182

MOTIF TEAD3_si
letter-probability matrix: alength= 4 w= 15 nsites= 12 E= 0
 0.271028  0.102804  0.177570  0.448598
 0.495327  0.084112  0.336449  0.084112
 0.327103  0.252336  0.336449  0.084112
 0.504673  0.084112  0.252336  0.158879
 0.168224  0.000000  0.663551  0.168224
 0.000000  0.831776  0.000000  0.168224
 0.663551  0.000000  0.000000  0.336449
 0.420561  0.000000  0.579439  0.000000
 0.429907  0.158879  0.411215  0.000000
 0.747664  0.000000  0.000000  0.252336
 0.925234  0.074766  0.000000  0.000000
 0.000000  0.084112  0.000000  0.915888
 0.429907  0.000000  0.242991  0.327103
 0.000000  0.000000  0.158879  0.841121
 0.144860  0.490654  0.219626  0.144860

