MEME version 4

ALPHABET= ACGT

strands: + -

Background letter frequencies (from
A 0.29182 C 0.20818 G 0.20818 T 0.29182

MOTIF TEF_f1
letter-probability matrix: alength= 4 w= 14 nsites= 14 E= 0
 0.048319  0.132353  0.048319  0.771008
 0.151261  0.000000  0.764706  0.084034
 0.226891  0.075630  0.210084  0.487395
 0.000000  0.000000  0.000000  1.000000
 0.226891  0.000000  0.243697  0.529412
 0.941176  0.000000  0.058824  0.000000
 0.075630  0.277311  0.000000  0.647059
 0.310924  0.000000  0.630252  0.058824
 0.000000  0.042017  0.151261  0.806723
 0.621849  0.243697  0.075630  0.058824
 0.697479  0.000000  0.151261  0.151261
 0.428571  0.310924  0.184874  0.075630
 0.042017  0.201681  0.151261  0.605042
 0.180672  0.029412  0.424370  0.365546

