MEME version 4

ALPHABET= ACGT

strands: + -

Background letter frequencies (from
A 0.29182 C 0.20818 G 0.20818 T 0.29182

MOTIF TF7L2_f1
letter-probability matrix: alength= 4 w= 12 nsites= 1280 E= 0
 0.351472  0.210441  0.302443  0.135645
 0.567719  0.119785  0.223169  0.089327
 0.100339  0.398279  0.435031  0.066351
 0.667118  0.029585  0.009262  0.294036
 0.160810  0.017896  0.062392  0.758902
 0.076658  0.817991  0.096692  0.008660
 0.992063  0.005553  0.000258  0.002127
 0.972364  0.013952  0.013070  0.000614
 0.920002  7.0e-050  0.045352  0.034576
 0.046576  0.020880  0.927710  0.004834
 0.247713  0.245145  0.429379  0.077764
 0.253020  0.318789  0.333034  0.095157

