MEME version 4

ALPHABET= ACGT

strands: + -

Background letter frequencies (from
A 0.29182 C 0.20818 G 0.20818 T 0.29182

MOTIF TFCP2_f1
letter-probability matrix: alength= 4 w= 16 nsites= 13 E= 0
 0.041908  0.330925  0.504335  0.122832
 0.000000  0.601156  0.202312  0.196532
 0.173410  0.797688  0.000000  0.028902
 0.263006  0.014451  0.187861  0.534682
 0.000000  0.057803  0.861272  0.080925
 0.445087  0.283237  0.190751  0.080925
 0.317919  0.271676  0.184971  0.225434
 0.242775  0.502890  0.028902  0.225434
 0.329480  0.028902  0.242775  0.398844
 0.164740  0.245665  0.471098  0.118497
 0.447977  0.014451  0.523121  0.014451
 0.000000  0.832370  0.167630  0.000000
 0.173410  0.716763  0.000000  0.109827
 0.453757  0.014451  0.355491  0.176301
 0.000000  0.000000  1.000000  0.000000
 0.734104  0.109827  0.052023  0.104046

