MEME version 4

ALPHABET= ACGT

strands: + -

Background letter frequencies (from
A 0.29182 C 0.20818 G 0.20818 T 0.29182

MOTIF TFDP1_f1
letter-probability matrix: alength= 4 w= 14 nsites= 7 E= 0
 0.668103  0.064655  0.202586  0.064655
 0.465517  0.000000  0.137931  0.396552
 0.448276  0.000000  0.155172  0.396552
 0.155172  0.000000  0.293103  0.551724
 0.293103  0.155172  0.551724  0.000000
 0.000000  0.000000  1.000000  0.000000
 0.000000  1.000000  0.000000  0.000000
 0.000000  0.000000  1.000000  0.000000
 0.000000  0.258621  0.741379  0.000000
 0.000000  0.000000  0.862069  0.137931
 0.844828  0.155172  0.000000  0.000000
 0.706897  0.000000  0.293103  0.000000
 0.706897  0.000000  0.293103  0.000000
 0.181034  0.474138  0.025862  0.318966

