MEME version 4

ALPHABET= ACGT

strands: + -

Background letter frequencies (from
A 0.29182 C 0.20818 G 0.20818 T 0.29182

MOTIF TGIF1_f1
letter-probability matrix: alength= 4 w= 16 nsites= 13 E= 0
 0.190678  0.114407  0.190678  0.504237
 0.076271  0.000000  0.847458  0.076271
 0.076271  0.000000  0.305085  0.618644
 0.000000  0.610169  0.313559  0.076271
 0.771186  0.076271  0.000000  0.152542
 0.152542  0.161017  0.533898  0.152542
 0.152542  0.161017  0.533898  0.152542
 0.228814  0.000000  0.000000  0.771186
 0.076271  0.152542  0.771186  0.000000
 0.228814  0.000000  0.152542  0.618644
 0.000000  0.686441  0.161017  0.152542
 0.694915  0.000000  0.305085  0.000000
 0.152542  0.389831  0.305085  0.152542
 0.076271  0.618644  0.152542  0.152542
 0.228814  0.152542  0.152542  0.466102
 0.114407  0.190678  0.427966  0.266949

