MEME version 4

ALPHABET= ACGT

strands: + -

Background letter frequencies (from
A 0.29182 C 0.20818 G 0.20818 T 0.29182

MOTIF TLX1_f2
letter-probability matrix: alength= 4 w= 17 nsites= 50 E= 0
 0.184726  0.423016  0.152096  0.240161
 0.032630  0.358927  0.050757  0.557686
 0.016315  0.032630  0.722647  0.228408
 0.146834  0.065259  0.606631  0.181276
 0.016315  0.557686  0.016315  0.409684
 0.846676  0.027718  0.016315  0.109292
 0.383545  0.352260  0.154903  0.109292
 0.104380  0.319630  0.322964  0.253026
 0.275598  0.141922  0.252792  0.329688
 0.290334  0.099468  0.269341  0.340857
 0.163149  0.163149  0.673703  0.000000
 0.228408  0.624758  0.000000  0.146834
 0.048945  0.671890  0.000000  0.279165
 0.508742  0.132332  0.179463  0.179463
 0.665399  0.016315  0.174551  0.143734
 0.071750  0.104380  0.598796  0.225075
 0.282527  0.132536  0.408368  0.176569

