MEME version 4

ALPHABET= ACGT

strands: + -

Background letter frequencies (from
A 0.29182 C 0.20818 G 0.20818 T 0.29182

MOTIF TYY1_f2
letter-probability matrix: alength= 4 w= 12 nsites= 1600 E= 0
 0.222014  0.545735  0.143201  0.089049
 0.908953  0.024636  0.037991  0.028420
 0.898539  0.036932  0.025656  0.038873
 0.282753  0.165329  0.470327  0.081591
 0.993871  0.003225  0.000000  0.002904
 0.001677  0.000000  0.000514  0.997809
 0.001095  0.000000  0.998905  0.000000
 0.028501  0.000638  0.952081  0.018780
 0.128170  0.761315  0.012774  0.097741
 0.101301  0.195973  0.584108  0.118618
 0.134519  0.116031  0.624205  0.125246
 0.135968  0.652687  0.101011  0.110334

