MEME version 4

ALPHABET= ACGT

strands: + -

Background letter frequencies (from
A 0.29182 C 0.20818 G 0.20818 T 0.29182

MOTIF VDR_f2
letter-probability matrix: alength= 4 w= 16 nsites= 115 E= 0
 0.364629  0.024722  0.579571  0.031079
 0.073458  0.025428  0.888400  0.012714
 0.005651  0.035317  0.735778  0.223255
 0.048030  0.038142  0.076990  0.836838
 0.026841  0.723771  0.094648  0.154741
 0.870687  0.031079  0.054442  0.043792
 0.342257  0.170511  0.161926  0.325306
 0.202296  0.308354  0.307539  0.181812
 0.261627  0.044675  0.608761  0.084936
 0.518011  0.037436  0.419831  0.024722
 0.076284  0.026134  0.884162  0.013420
 0.012714  0.006357  0.363054  0.617875
 0.110948  0.062157  0.137028  0.689867
 0.055094  0.703287  0.125020  0.116599
 0.621950  0.110242  0.176691  0.091117
 0.155420  0.417088  0.185086  0.242407

