MEME version 4

ALPHABET= ACGT

strands: + -

Background letter frequencies (from
A 0.29182 C 0.20818 G 0.20818 T 0.29182

MOTIF WT1_f1
letter-probability matrix: alength= 4 w= 13 nsites= 44 E= 0
 0.031944  0.168056  0.720833  0.079167
 0.252778  0.497222  0.086111  0.163889
 0.019444  0.077778  0.902778  0.000000
 0.130556  0.200000  0.483333  0.186111
 0.097222  0.000000  0.902778  0.000000
 0.025000  0.000000  0.883333  0.091667
 0.000000  0.027778  0.958333  0.013889
 0.158333  0.594444  0.022222  0.225000
 0.000000  0.000000  1.000000  0.000000
 0.063889  0.119444  0.531944  0.284722
 0.188889  0.077778  0.705556  0.027778
 0.072222  0.125000  0.620833  0.181944
 0.052083  0.204861  0.665972  0.077083

