MEME version 4

ALPHABET= ACGT

strands: + -

Background letter frequencies (from
A 0.29182 C 0.20818 G 0.20818 T 0.29182

MOTIF XBP1_f1
letter-probability matrix: alength= 4 w= 12 nsites= 1577 E= 0
 0.000000  0.000000  0.975733  0.024267
 1.000000  0.000000  0.000000  0.000000
 0.000000  1.000000  0.000000  0.000000
 0.000000  0.000000  1.000000  0.000000
 0.000000  0.000000  0.000000  1.000000
 0.000311  0.000000  0.998326  0.001364
 0.000000  0.000000  0.435271  0.564729
 0.162449  0.756403  0.021225  0.059922
 0.450930  0.304984  0.117250  0.126836
 0.231272  0.219528  0.080384  0.468815
 0.336492  0.031163  0.022462  0.609883
 0.386599  0.111642  0.152526  0.349233

