MEME version 4

ALPHABET= ACGT

strands: + -

Background letter frequencies (from
A 0.29182 C 0.20818 G 0.20818 T 0.29182

MOTIF ZBT7A_f1
letter-probability matrix: alength= 4 w= 17 nsites= 38 E= 0
 0.400685  0.252740  0.186986  0.159589
 0.076712  0.049315  0.550685  0.323288
 0.000000  0.649315  0.227397  0.123288
 0.397260  0.175342  0.126027  0.301370
 0.073973  0.347945  0.578082  0.000000
 0.123288  0.024658  0.304110  0.547945
 0.024658  0.000000  0.873973  0.101370
 0.000000  0.000000  1.000000  0.000000
 0.000000  0.073973  0.704110  0.221918
 0.000000  0.224658  0.153425  0.621918
 0.172603  0.328767  0.175342  0.323288
 0.024658  0.397260  0.353425  0.224658
 0.328767  0.421918  0.147945  0.101370
 0.027397  0.643836  0.202740  0.126027
 0.073973  0.397260  0.202740  0.326027
 0.419178  0.178082  0.202740  0.200000
 0.147945  0.202740  0.523288  0.126027

