MEME version 4

ALPHABET= ACGT

strands: + -

Background letter frequencies (from
A 0.29182 C 0.20818 G 0.20818 T 0.29182

MOTIF ZBT7B_si
letter-probability matrix: alength= 4 w= 22 nsites= 14 E= 0
 0.188920  0.535511  0.240057  0.035511
 0.000000  0.204545  0.795455  0.000000
 0.153409  0.051136  0.590909  0.204545
 0.335227  0.306818  0.306818  0.051136
 0.000000  0.306818  0.693182  0.000000
 0.386364  0.153409  0.306818  0.153409
 0.306818  0.051136  0.539773  0.102273
 0.000000  0.153409  0.744318  0.102273
 0.000000  0.000000  1.000000  0.000000
 0.102273  0.000000  0.897727  0.000000
 0.000000  0.000000  1.000000  0.000000
 0.488636  0.409091  0.051136  0.051136
 0.153409  0.102273  0.744318  0.000000
 0.000000  0.346591  0.653409  0.000000
 0.346591  0.090909  0.562500  0.000000
 0.000000  0.306818  0.693182  0.000000
 0.000000  0.102273  0.693182  0.204545
 0.193182  0.244318  0.511364  0.051136
 0.153409  0.193182  0.653409  0.000000
 0.000000  0.000000  0.948864  0.051136
 0.000000  0.142045  0.653409  0.204545
 0.244318  0.397727  0.153409  0.204545

