MEME version 4

ALPHABET= ACGT

strands: + -

Background letter frequencies (from
A 0.29182 C 0.20818 G 0.20818 T 0.29182

MOTIF ZBTB6_si
letter-probability matrix: alength= 4 w= 13 nsites= 33 E= 0
 0.424242  0.242424  0.303030  0.030303
 0.090909  0.000000  0.818182  0.090909
 0.621212  0.000000  0.378788  0.000000
 0.090909  0.181818  0.000000  0.727273
 0.121212  0.151515  0.696970  0.030303
 0.666667  0.242424  0.090909  0.000000
 0.000000  0.030303  0.030303  0.939394
 0.500000  0.030303  0.378788  0.090909
 0.000000  0.000000  1.000000  0.000000
 1.000000  0.000000  0.000000  0.000000
 0.000000  0.000000  1.000000  0.000000
 0.090909  0.848485  0.030303  0.030303
 0.015152  0.742424  0.166667  0.075758

