MEME version 4

ALPHABET= ACGT

strands: + -

Background letter frequencies (from
A 0.29182 C 0.20818 G 0.20818 T 0.29182

MOTIF ZBTB4!METH_f1
letter-probability matrix: alength= 4 w= 15 nsites= 32 E= 0
 0.025757  0.793946  0.180298  0.000000
 0.587891  0.154541  0.180298  0.077270
 0.871216  0.077270  0.051514  0.000000
 0.077270  0.025757  0.258789  0.638184
 0.638184  0.000000  0.361816  0.000000
 0.189697  0.000000  0.810303  0.000000
 0.000000  0.670898  0.000000  0.329102
 0.000000  0.000000  1.000000  0.000000
 0.380616  0.000000  0.387573  0.231811
 0.000000  0.025757  0.223633  0.750610
 0.187958  0.109466  0.395233  0.307342
 0.025757  0.000000  0.827881  0.146362
 0.000000  0.329102  0.180298  0.490600
 0.086670  0.025757  0.887573  0.000000
 0.271668  0.141662  0.445008  0.141662

