MEME version 4

ALPHABET= ACGT

strands: + -

Background letter frequencies (from
A 0.29182 C 0.20818 G 0.20818 T 0.29182

MOTIF ZBTB4_si
letter-probability matrix: alength= 4 w= 17 nsites= 20 E= 0
 0.093984  0.718049  0.093984  0.093984
 0.000000  0.956255  0.043745  0.000000
 0.200956  0.100478  0.087490  0.611077
 0.912510  0.087490  0.000000  0.000000
 0.000000  0.000000  0.829800  0.170200
 0.899522  0.100478  0.000000  0.000000
 0.000000  0.000000  0.257689  0.742311
 0.000000  0.043745  0.786056  0.170200
 0.000000  0.000000  0.943267  0.056733
 0.257689  0.742311  0.000000  0.000000
 0.641833  0.056733  0.100478  0.200956
 0.000000  0.000000  0.943267  0.056733
 0.000000  0.000000  0.842789  0.157211
 0.000000  0.200956  0.000000  0.799044
 0.056733  0.000000  0.943267  0.000000
 0.000000  0.000000  1.000000  0.000000
 0.065617  0.065617  0.803148  0.065617

