MEME version 4

ALPHABET= ACGT

strands: + -

Background letter frequencies (from
A 0.29182 C 0.20818 G 0.20818 T 0.29182

MOTIF ZEP1_f1
letter-probability matrix: alength= 4 w= 12 nsites= 10 E= 0
 0.059859  0.130282  0.200704  0.609155
 0.000000  0.000000  1.000000  0.000000
 0.267606  0.000000  0.732394  0.000000
 0.281690  0.000000  0.718310  0.000000
 0.718310  0.000000  0.281690  0.000000
 1.000000  0.000000  0.000000  0.000000
 0.718310  0.000000  0.281690  0.000000
 0.126761  0.000000  0.000000  0.873239
 0.000000  0.802817  0.126761  0.070423
 0.000000  1.000000  0.000000  0.000000
 0.000000  0.859155  0.000000  0.140845
 0.095070  0.433099  0.235915  0.235915

