MEME version 4

ALPHABET= ACGT

strands: + -

Background letter frequencies (from
A 0.29182 C 0.20818 G 0.20818 T 0.29182

MOTIF ZEP2_si
letter-probability matrix: alength= 4 w= 14 nsites= 16 E= 0
 0.090206  0.038660  0.626289  0.244845
 0.051546  0.206186  0.546392  0.195876
 0.154639  0.309278  0.000000  0.536082
 0.335052  0.051546  0.298969  0.314433
 0.128866  0.206186  0.484536  0.180412
 0.206186  0.000000  0.793814  0.000000
 0.206186  0.000000  0.793814  0.000000
 0.443299  0.180412  0.000000  0.376289
 0.896907  0.051546  0.051546  0.000000
 0.804124  0.000000  0.092784  0.103093
 0.000000  0.567010  0.247423  0.185567
 0.167526  0.445876  0.167526  0.219072
 0.051546  0.587629  0.360825  0.000000
 0.025773  0.546392  0.402062  0.025773

