MEME version 4

ALPHABET= ACGT

strands: + -

Background letter frequencies (from
A 0.29182 C 0.20818 G 0.20818 T 0.29182

MOTIF ZFX_f1
letter-probability matrix: alength= 4 w= 19 nsites= 480 E= 0
 0.134316  0.368139  0.373875  0.123669
 0.302173  0.292351  0.304772  0.100704
 0.100704  0.251537  0.563027  0.084733
 0.161037  0.311870  0.445909  0.081184
 0.109576  0.279929  0.513340  0.097155
 0.118449  0.373566  0.340263  0.167723
 0.146841  0.470752  0.235566  0.146841
 0.089613  0.392642  0.339819  0.177926
 0.071868  0.582103  0.199633  0.146397
 0.992902  0.003549  0.001775  0.001775
 0.003549  0.003549  0.992902  0.000000
 0.000000  0.001775  0.998225  0.000000
 0.000000  0.994676  0.005324  0.000000
 0.001775  0.885069  0.088313  0.024843
 0.019520  0.326098  0.266177  0.388206
 0.225807  0.409944  0.299924  0.064326
 0.200963  0.007542  0.778630  0.012865
 0.138443  0.342512  0.497307  0.021738
 0.126775  0.524265  0.123225  0.225735

