MEME version 4

ALPHABET= ACGT

strands: + -

Background letter frequencies (from
A 0.29182 C 0.20818 G 0.20818 T 0.29182

MOTIF ZN148_si
letter-probability matrix: alength= 4 w= 15 nsites= 34 E= 0
 0.156137  0.116426  0.473827  0.253610
 0.083032  0.216606  0.584838  0.115523
 0.223827  0.212996  0.433213  0.129964
 0.097473  0.101083  0.592058  0.209386
 0.162455  0.169675  0.252708  0.415162
 0.000000  0.101083  0.866426  0.032491
 0.090253  0.000000  0.909747  0.000000
 0.000000  0.000000  1.000000  0.000000
 0.046931  0.000000  0.898917  0.054152
 0.000000  0.000000  1.000000  0.000000
 0.480144  0.216606  0.115523  0.187726
 0.209386  0.000000  0.772563  0.018051
 0.032491  0.028881  0.938628  0.000000
 0.205776  0.000000  0.776173  0.018051
 0.116426  0.101986  0.726534  0.055054

