MEME version 4

ALPHABET= ACGT

strands: + -

Background letter frequencies (from
A 0.29182 C 0.20818 G 0.20818 T 0.29182

MOTIF ZN143_si
letter-probability matrix: alength= 4 w= 22 nsites= 26 E= 0
 0.000000  0.148802  0.589576  0.261622
 0.148802  0.657831  0.072993  0.120374
 0.454988  0.047381  0.351645  0.145986
 0.426560  0.120374  0.186707  0.266360
 0.072993  0.000000  0.497631  0.429376
 0.000000  0.000000  1.000000  0.000000
 0.218979  0.708028  0.072993  0.000000
 0.884364  0.115636  0.000000  0.000000
 0.000000  0.145986  0.179153  0.674861
 0.000000  0.145986  0.386733  0.467280
 0.364965  0.524137  0.110898  0.000000
 0.000000  0.000000  0.072993  0.927007
 0.000000  0.000000  1.000000  0.000000
 0.000000  0.000000  1.000000  0.000000
 0.145986  0.000000  0.762069  0.091945
 0.743116  0.037904  0.072993  0.145986
 0.497631  0.202843  0.299526  0.000000
 0.291972  0.072993  0.337431  0.297604
 0.120374  0.120374  0.145986  0.613267
 0.266360  0.348829  0.384811  0.000000
 0.072993  0.275836  0.226533  0.424638
 0.380073  0.236009  0.082469  0.301448

