MEME version 4

ALPHABET= ACGT

strands: + -

Background letter frequencies (from
A 0.29182 C 0.20818 G 0.20818 T 0.29182

MOTIF ZN219_f1
letter-probability matrix: alength= 4 w= 12 nsites= 26 E= 0
 0.148515  0.165017  0.508251  0.178218
 0.445545  0.031353  0.283828  0.239274
 0.029703  0.014851  0.881188  0.074257
 0.000000  0.089109  0.881188  0.029703
 0.000000  0.014851  0.792079  0.193069
 0.016502  0.029703  0.924092  0.029703
 0.000000  0.014851  0.970297  0.014851
 0.014851  0.000000  0.985149  0.000000
 0.031353  0.432343  0.150165  0.386139
 0.044554  0.178218  0.747525  0.029703
 0.000000  0.044554  0.910891  0.044554
 0.571370  0.124175  0.063119  0.241337

