MEME version 4

ALPHABET= ACGT

strands: + -

Background letter frequencies (from
A 0.29182 C 0.20818 G 0.20818 T 0.29182

MOTIF ZN238_f1
letter-probability matrix: alength= 4 w= 14 nsites= 18 E= 0
 0.041667  0.041667  0.263889  0.652778
 0.222222  0.777778  0.000000  0.000000
 0.000000  1.000000  0.000000  0.000000
 1.000000  0.000000  0.000000  0.000000
 0.000000  0.000000  1.000000  0.000000
 0.944444  0.055556  0.000000  0.000000
 0.000000  0.000000  0.000000  1.000000
 0.000000  0.000000  1.000000  0.000000
 0.000000  0.111111  0.000000  0.888889
 0.000000  0.000000  0.222222  0.777778
 0.055556  0.277778  0.222222  0.444444
 0.222222  0.444444  0.277778  0.055556
 0.111111  0.388889  0.444444  0.055556
 0.152778  0.375000  0.375000  0.097222

