MEME version 4

ALPHABET= ACGT

strands: + -

Background letter frequencies (from
A 0.29182 C 0.20818 G 0.20818 T 0.29182

MOTIF ZN350_f1
letter-probability matrix: alength= 4 w= 24 nsites= 15 E= 0
 0.551418  0.111702  0.225177  0.111702
 0.191489  0.489362  0.319149  0.000000
 0.113475  0.000000  0.886525  0.000000
 0.063830  0.000000  0.886525  0.049645
 0.063830  0.000000  0.808511  0.127660
 0.312057  0.255319  0.368794  0.063830
 0.255319  0.375887  0.368794  0.000000
 0.191489  0.000000  0.631206  0.177305
 0.191489  0.695035  0.063830  0.049645
 0.822695  0.113475  0.000000  0.063830
 0.368794  0.000000  0.631206  0.000000
 0.255319  0.063830  0.425532  0.255319
 0.177305  0.191489  0.319149  0.312057
 0.382979  0.241135  0.312057  0.063830
 0.063830  0.063830  0.255319  0.617021
 0.000000  0.319149  0.000000  0.680851
 0.000000  0.063830  0.000000  0.936170
 0.000000  0.000000  0.687943  0.312057
 0.000000  0.113475  0.312057  0.574468
 0.049645  0.127660  0.382979  0.439716
 0.049645  0.127660  0.567376  0.255319
 0.063830  0.631206  0.255319  0.049645
 0.000000  0.886525  0.049645  0.063830
 0.124113  0.507092  0.244681  0.124113

