MEME version 4

ALPHABET= ACGT

strands: + -

Background letter frequencies (from
A 0.29182 C 0.20818 G 0.20818 T 0.29182

MOTIF ZN384_f1
letter-probability matrix: alength= 4 w= 12 nsites= 39 E= 0
 0.138571  0.141429  0.655714  0.064286
 0.000000  0.411429  0.588571  0.000000
 1.000000  0.000000  0.000000  0.000000
 1.000000  0.000000  0.000000  0.000000
 1.000000  0.000000  0.000000  0.000000
 1.000000  0.000000  0.000000  0.000000
 1.000000  0.000000  0.000000  0.000000
 0.360000  0.257143  0.357143  0.025714
 0.128571  0.308571  0.154286  0.408571
 0.231429  0.408571  0.180000  0.180000
 0.102857  0.205714  0.434286  0.257143
 0.160714  0.337857  0.392143  0.109286

