MEME version 4

ALPHABET= ACGT

strands: + -

Background letter frequencies (from
A 0.29182 C 0.20818 G 0.20818 T 0.29182

MOTIF ZN423_f1
letter-probability matrix: alength= 4 w= 15 nsites= 22 E= 0
 0.000000  0.000000  1.000000  0.000000
 0.409091  0.000000  0.590909  0.000000
 0.000000  1.000000  0.000000  0.000000
 1.000000  0.000000  0.000000  0.000000
 0.000000  1.000000  0.000000  0.000000
 0.000000  1.000000  0.000000  0.000000
 0.000000  1.000000  0.000000  0.000000
 0.545455  0.000000  0.000000  0.454545
 0.954545  0.000000  0.000000  0.045455
 0.000000  0.000000  1.000000  0.000000
 0.000000  0.000000  1.000000  0.000000
 0.000000  0.000000  1.000000  0.000000
 0.000000  0.000000  0.000000  1.000000
 0.000000  0.000000  1.000000  0.000000
 0.181818  0.818182  0.000000  0.000000

