MEME version 4

ALPHABET= ACGT

strands: + -

Background letter frequencies (from
A 0.29182 C 0.20818 G 0.20818 T 0.29182

MOTIF ZN589_f1
letter-probability matrix: alength= 4 w= 16 nsites= 15 E= 0
 0.169521  0.416096  0.306507  0.107877
 0.061644  0.191781  0.623288  0.123288
 0.253425  0.123288  0.623288  0.000000
 0.000000  0.500000  0.184932  0.315068
 0.445205  0.000000  0.184932  0.369863
 0.383562  0.000000  0.493151  0.123288
 0.376712  0.130137  0.000000  0.493151
 0.568493  0.000000  0.000000  0.431507
 0.493151  0.315068  0.191781  0.000000
 0.130137  0.808219  0.061644  0.000000
 0.184932  0.691781  0.123288  0.000000
 0.000000  0.376712  0.438356  0.184932
 0.123288  0.184932  0.061644  0.630137
 0.000000  0.123288  0.500000  0.376712
 0.000000  0.130137  0.616438  0.253425
 0.171233  0.171233  0.486301  0.171233

 
